0.025	0.025	0.71444
0.025	0.05	0.71239
0.025	0.075	0.70527
0.025	0.1	0.70126
0.025	0.125	0.69658
0.025	0.15	0.68928
0.025	0.175	0.67907
0.025	0.2	0.67791
0.025	0.225	0.67007
0.025	0.25	0.66551
0.025	0.275	0.65949
0.025	0.3	0.65291
0.025	0.325	0.64737
0.025	0.35	0.63589
0.025	0.375	0.63287
0.025	0.4	0.62386
0.025	0.425	0.61167
0.025	0.45	0.60653
0.025	0.475	0.60514
0.025	0.5	0.60232
0.025	0.525	0.59991
0.025	0.55	0.58646
0.025	0.575	0.5868
0.025	0.6	0.57742
0.025	0.625	0.57276
0.025	0.65	0.57052
0.025	0.675	0.56394
0.025	0.7	0.54974
0.025	0.725	0.54937
0.025	0.75	0.54475
0.025	0.775	0.55069
0.025	0.8	0.53298
0.025	0.825	0.52219
0.025	0.85	0.51868
0.025	0.875	0.53628
0.025	0.9	0.52323
0.025	0.925	0.50751
0.025	0.95	0.50516
0.025	0.975	0.49206
0.025	1	0.48774
0.05	0.025	0.70856
0.05	0.05	0.70565
0.05	0.075	0.70526
0.05	0.1	0.69738
0.05	0.125	0.69173
0.05	0.15	0.6891
0.05	0.175	0.67729
0.05	0.2	0.67612
0.05	0.225	0.66658
0.05	0.25	0.66286
0.05	0.275	0.6546
0.05	0.3	0.64236
0.05	0.325	0.63668
0.05	0.35	0.63796
0.05	0.375	0.62637
0.05	0.4	0.61406
0.05	0.425	0.61781
0.05	0.45	0.61144
0.05	0.475	0.6019
0.05	0.5	0.5986
0.05	0.525	0.58875
0.05	0.55	0.57776
0.05	0.575	0.57646
0.05	0.6	0.56991
0.05	0.625	0.57368
0.05	0.65	0.56494
0.05	0.675	0.56191
0.05	0.7	0.54919
0.05	0.725	0.54198
0.05	0.75	0.55724
0.05	0.775	0.5244
0.05	0.8	0.53574
0.05	0.825	0.53536
0.05	0.85	0.52459
0.05	0.875	0.52356
0.05	0.9	0.50986
0.05	0.925	0.50227
0.05	0.95	0.50931
0.05	0.975	0.50788
0.05	1	0.49249
0.075	0.025	0.7099
0.075	0.05	0.70414
0.075	0.075	0.70193
0.075	0.1	0.69572
0.075	0.125	0.68817
0.075	0.15	0.68241
0.075	0.175	0.67629
0.075	0.2	0.66967
0.075	0.225	0.66595
0.075	0.25	0.6605
0.075	0.275	0.65168
0.075	0.3	0.64512
0.075	0.325	0.63136
0.075	0.35	0.63125
0.075	0.375	0.62342
0.075	0.4	0.61321
0.075	0.425	0.61083
0.075	0.45	0.60114
0.075	0.475	0.60394
0.075	0.5	0.58456
0.075	0.525	0.59166
0.075	0.55	0.58632
0.075	0.575	0.57897
0.075	0.6	0.57413
0.075	0.625	0.56645
0.075	0.65	0.55829
0.075	0.675	0.56056
0.075	0.7	0.54692
0.075	0.725	0.54193
0.075	0.75	0.53615
0.075	0.775	0.53344
0.075	0.8	0.52728
0.075	0.825	0.52716
0.075	0.85	0.52408
0.075	0.875	0.51039
0.075	0.9	0.51405
0.075	0.925	0.50387
0.075	0.95	0.50349
0.075	0.975	0.50175
0.075	1	0.49501
0.1	0.025	0.70516
0.1	0.05	0.70299
0.1	0.075	0.69663
0.1	0.1	0.68971
0.1	0.125	0.6869
0.1	0.15	0.68157
0.1	0.175	0.67169
0.1	0.2	0.66845
0.1	0.225	0.65876
0.1	0.25	0.65477
0.1	0.275	0.65047
0.1	0.3	0.63694
0.1	0.325	0.62872
0.1	0.35	0.63015
0.1	0.375	0.62385
0.1	0.4	0.61549
0.1	0.425	0.60814
0.1	0.45	0.60154
0.1	0.475	0.59447
0.1	0.5	0.5862
0.1	0.525	0.58695
0.1	0.55	0.57541
0.1	0.575	0.57086
0.1	0.6	0.56703
0.1	0.625	0.56604
0.1	0.65	0.56269
0.1	0.675	0.55561
0.1	0.7	0.54617
0.1	0.725	0.53889
0.1	0.75	0.53962
0.1	0.775	0.53231
0.1	0.8	0.52455
0.1	0.825	0.51165
0.1	0.85	0.52329
0.1	0.875	0.51852
0.1	0.9	0.517
0.1	0.925	0.4986
0.1	0.95	0.48779
0.1	0.975	0.49693
0.1	1	0.49187
0.125	0.025	0.70436
0.125	0.05	0.6992
0.125	0.075	0.69477
0.125	0.1	0.68951
0.125	0.125	0.68433
0.125	0.15	0.67625
0.125	0.175	0.66639
0.125	0.2	0.6641
0.125	0.225	0.65578
0.125	0.25	0.65064
0.125	0.275	0.64352
0.125	0.3	0.63584
0.125	0.325	0.62736
0.125	0.35	0.62199
0.125	0.375	0.61932
0.125	0.4	0.60891
0.125	0.425	0.59951
0.125	0.45	0.59926
0.125	0.475	0.59072
0.125	0.5	0.5912
0.125	0.525	0.57745
0.125	0.55	0.57574
0.125	0.575	0.56908
0.125	0.6	0.56196
0.125	0.625	0.55828
0.125	0.65	0.55796
0.125	0.675	0.55068
0.125	0.7	0.5415
0.125	0.725	0.53195
0.125	0.75	0.5318
0.125	0.775	0.52859
0.125	0.8	0.51825
0.125	0.825	0.51912
0.125	0.85	0.52439
0.125	0.875	0.51683
0.125	0.9	0.50354
0.125	0.925	0.50241
0.125	0.95	0.50829
0.125	0.975	0.49981
0.125	1	0.49801
0.15	0.025	0.70028
0.15	0.05	0.69544
0.15	0.075	0.69071
0.15	0.1	0.68557
0.15	0.125	0.67933
0.15	0.15	0.67399
0.15	0.175	0.66808
0.15	0.2	0.66039
0.15	0.225	0.65458
0.15	0.25	0.6441
0.15	0.275	0.63935
0.15	0.3	0.63188
0.15	0.325	0.62514
0.15	0.35	0.62833
0.15	0.375	0.61528
0.15	0.4	0.60377
0.15	0.425	0.59471
0.15	0.45	0.59066
0.15	0.475	0.58692
0.15	0.5	0.58408
0.15	0.525	0.57869
0.15	0.55	0.57707
0.15	0.575	0.55177
0.15	0.6	0.55845
0.15	0.625	0.55904
0.15	0.65	0.55519
0.15	0.675	0.55407
0.15	0.7	0.5393
0.15	0.725	0.53374
0.15	0.75	0.53987
0.15	0.775	0.53323
0.15	0.8	0.52157
0.15	0.825	0.5176
0.15	0.85	0.51673
0.15	0.875	0.50707
0.15	0.9	0.49221
0.15	0.925	0.49045
0.15	0.95	0.49946
0.15	0.975	0.49901
0.15	1	0.48075
0.175	0.025	0.69524
0.175	0.05	0.69174
0.175	0.075	0.68693
0.175	0.1	0.68067
0.175	0.125	0.67377
0.175	0.15	0.67163
0.175	0.175	0.6663
0.175	0.2	0.65782
0.175	0.225	0.64647
0.175	0.25	0.64133
0.175	0.275	0.63353
0.175	0.3	0.62725
0.175	0.325	0.61844
0.175	0.35	0.61145
0.175	0.375	0.60739
0.175	0.4	0.60397
0.175	0.425	0.59779
0.175	0.45	0.58379
0.175	0.475	0.58013
0.175	0.5	0.58549
0.175	0.525	0.57316
0.175	0.55	0.57078
0.175	0.575	0.56244
0.175	0.6	0.55987
0.175	0.625	0.54884
0.175	0.65	0.55329
0.175	0.675	0.54868
0.175	0.7	0.54649
0.175	0.725	0.54293
0.175	0.75	0.52228
0.175	0.775	0.53214
0.175	0.8	0.52199
0.175	0.825	0.49514
0.175	0.85	0.5211
0.175	0.875	0.51546
0.175	0.9	0.49523
0.175	0.925	0.49283
0.175	0.95	0.48088
0.175	0.975	0.4839
0.175	1	0.47775
0.2	0.025	0.69531
0.2	0.05	0.68828
0.2	0.075	0.68303
0.2	0.1	0.67835
0.2	0.125	0.671
0.2	0.15	0.66575
0.2	0.175	0.66027
0.2	0.2	0.65212
0.2	0.225	0.64087
0.2	0.25	0.63836
0.2	0.275	0.63257
0.2	0.3	0.62618
0.2	0.325	0.61445
0.2	0.35	0.61003
0.2	0.375	0.61029
0.2	0.4	0.59806
0.2	0.425	0.59118
0.2	0.45	0.58906
0.2	0.475	0.5853
0.2	0.5	0.56983
0.2	0.525	0.57058
0.2	0.55	0.57375
0.2	0.575	0.56
0.2	0.6	0.56184
0.2	0.625	0.55497
0.2	0.65	0.5413
0.2	0.675	0.53691
0.2	0.7	0.53214
0.2	0.725	0.53809
0.2	0.75	0.52455
0.2	0.775	0.5132
0.2	0.8	0.51599
0.2	0.825	0.52828
0.2	0.85	0.51268
0.2	0.875	0.51099
0.2	0.9	0.48618
0.2	0.925	0.49041
0.2	0.95	0.48877
0.2	0.975	0.4967
0.2	1	0.47984
0.225	0.025	0.6884
0.225	0.05	0.68613
0.225	0.075	0.67684
0.225	0.1	0.67257
0.225	0.125	0.66543
0.225	0.15	0.66169
0.225	0.175	0.65376
0.225	0.2	0.64513
0.225	0.225	0.64012
0.225	0.25	0.63011
0.225	0.275	0.62222
0.225	0.3	0.61775
0.225	0.325	0.62008
0.225	0.35	0.60897
0.225	0.375	0.60027
0.225	0.4	0.59125
0.225	0.425	0.58958
0.225	0.45	0.58049
0.225	0.475	0.58031
0.225	0.5	0.57643
0.225	0.525	0.55185
0.225	0.55	0.56977
0.225	0.575	0.55752
0.225	0.6	0.55714
0.225	0.625	0.5434
0.225	0.65	0.53725
0.225	0.675	0.54177
0.225	0.7	0.54253
0.225	0.725	0.52949
0.225	0.75	0.51807
0.225	0.775	0.52795
0.225	0.8	0.5134
0.225	0.825	0.52896
0.225	0.85	0.51947
0.225	0.875	0.50193
0.225	0.9	0.49894
0.225	0.925	0.49008
0.225	0.95	0.48757
0.225	0.975	0.48691
0.225	1	0.47449
0.25	0.025	0.68906
0.25	0.05	0.68177
0.25	0.075	0.67497
0.25	0.1	0.66942
0.25	0.125	0.66223
0.25	0.15	0.65731
0.25	0.175	0.64738
0.25	0.2	0.64393
0.25	0.225	0.63572
0.25	0.25	0.62833
0.25	0.275	0.62512
0.25	0.3	0.61722
0.25	0.325	0.61508
0.25	0.35	0.60304
0.25	0.375	0.59152
0.25	0.4	0.58894
0.25	0.425	0.58387
0.25	0.45	0.57009
0.25	0.475	0.57487
0.25	0.5	0.55834
0.25	0.525	0.55854
0.25	0.55	0.55773
0.25	0.575	0.55504
0.25	0.6	0.54875
0.25	0.625	0.54379
0.25	0.65	0.53809
0.25	0.675	0.54028
0.25	0.7	0.52391
0.25	0.725	0.52977
0.25	0.75	0.51729
0.25	0.775	0.52357
0.25	0.8	0.50917
0.25	0.825	0.50791
0.25	0.85	0.50567
0.25	0.875	0.51099
0.25	0.9	0.49846
0.25	0.925	0.49286
0.25	0.95	0.46961
0.25	0.975	0.49142
0.25	1	0.47396
0.275	0.025	0.68343
0.275	0.05	0.67667
0.275	0.075	0.66849
0.275	0.1	0.66476
0.275	0.125	0.65882
0.275	0.15	0.64942
0.275	0.175	0.64272
0.275	0.2	0.63605
0.275	0.225	0.62855
0.275	0.25	0.62228
0.275	0.275	0.61518
0.275	0.3	0.60884
0.275	0.325	0.60255
0.275	0.35	0.59416
0.275	0.375	0.59551
0.275	0.4	0.58497
0.275	0.425	0.57929
0.275	0.45	0.56222
0.275	0.475	0.56868
0.275	0.5	0.56786
0.275	0.525	0.56057
0.275	0.55	0.545
0.275	0.575	0.54575
0.275	0.6	0.55026
0.275	0.625	0.53801
0.275	0.65	0.54343
0.275	0.675	0.53644
0.275	0.7	0.52867
0.275	0.725	0.52582
0.275	0.75	0.52261
0.275	0.775	0.51556
0.275	0.8	0.50876
0.275	0.825	0.51458
0.275	0.85	0.49587
0.275	0.875	0.498
0.275	0.9	0.49372
0.275	0.925	0.49457
0.275	0.95	0.48835
0.275	0.975	0.48105
0.275	1	0.48257
0.3	0.025	0.67762
0.3	0.05	0.67188
0.3	0.075	0.66611
0.3	0.1	0.66345
0.3	0.125	0.65316
0.3	0.15	0.6473
0.3	0.175	0.64041
0.3	0.2	0.6326
0.3	0.225	0.62326
0.3	0.25	0.62535
0.3	0.275	0.60939
0.3	0.3	0.59761
0.3	0.325	0.59561
0.3	0.35	0.59122
0.3	0.375	0.57955
0.3	0.4	0.58761
0.3	0.425	0.57486
0.3	0.45	0.5638
0.3	0.475	0.56352
0.3	0.5	0.5535
0.3	0.525	0.55201
0.3	0.55	0.53804
0.3	0.575	0.55264
0.3	0.6	0.54983
0.3	0.625	0.53486
0.3	0.65	0.52498
0.3	0.675	0.53344
0.3	0.7	0.52249
0.3	0.725	0.51797
0.3	0.75	0.52061
0.3	0.775	0.52073
0.3	0.8	0.51612
0.3	0.825	0.50707
0.3	0.85	0.49573
0.3	0.875	0.49721
0.3	0.9	0.49456
0.3	0.925	0.49328
0.3	0.95	0.4761
0.3	0.975	0.49257
0.3	1	0.48613
0.325	0.025	0.67134
0.325	0.05	0.66663
0.325	0.075	0.66047
0.325	0.1	0.65538
0.325	0.125	0.64796
0.325	0.15	0.63953
0.325	0.175	0.62832
0.325	0.2	0.6309
0.325	0.225	0.6161
0.325	0.25	0.60974
0.325	0.275	0.60547
0.325	0.3	0.59894
0.325	0.325	0.58587
0.325	0.35	0.58514
0.325	0.375	0.57717
0.325	0.4	0.57278
0.325	0.425	0.5645
0.325	0.45	0.56239
0.325	0.475	0.56262
0.325	0.5	0.54588
0.325	0.525	0.55597
0.325	0.55	0.54152
0.325	0.575	0.544
0.325	0.6	0.54103
0.325	0.625	0.53814
0.325	0.65	0.52408
0.325	0.675	0.52208
0.325	0.7	0.51324
0.325	0.725	0.51951
0.325	0.75	0.52056
0.325	0.775	0.51316
0.325	0.8	0.50406
0.325	0.825	0.50233
0.325	0.85	0.47917
0.325	0.875	0.49723
0.325	0.9	0.48554
0.325	0.925	0.49435
0.325	0.95	0.48582
0.325	0.975	0.46561
0.325	1	0.47297
0.35	0.025	0.66504
0.35	0.05	0.65965
0.35	0.075	0.65578
0.35	0.1	0.64751
0.35	0.125	0.64181
0.35	0.15	0.63472
0.35	0.175	0.62595
0.35	0.2	0.61924
0.35	0.225	0.61529
0.35	0.25	0.60248
0.35	0.275	0.59649
0.35	0.3	0.58924
0.35	0.325	0.58363
0.35	0.35	0.581
0.35	0.375	0.57097
0.35	0.4	0.55472
0.35	0.425	0.5597
0.35	0.45	0.55978
0.35	0.475	0.5509
0.35	0.5	0.5419
0.35	0.525	0.54272
0.35	0.55	0.53571
0.35	0.575	0.54384
0.35	0.6	0.53724
0.35	0.625	0.52574
0.35	0.65	0.51968
0.35	0.675	0.51576
0.35	0.7	0.5218
0.35	0.725	0.51488
0.35	0.75	0.51037
0.35	0.775	0.49882
0.35	0.8	0.49991
0.35	0.825	0.49724
0.35	0.85	0.49506
0.35	0.875	0.49238
0.35	0.9	0.4966
0.35	0.925	0.48647
0.35	0.95	0.49045
0.35	0.975	0.47045
0.35	1	0.47803
0.375	0.025	0.66215
0.375	0.05	0.65556
0.375	0.075	0.64875
0.375	0.1	0.64186
0.375	0.125	0.63512
0.375	0.15	0.62636
0.375	0.175	0.61946
0.375	0.2	0.61297
0.375	0.225	0.60514
0.375	0.25	0.60298
0.375	0.275	0.5935
0.375	0.3	0.58571
0.375	0.325	0.57486
0.375	0.35	0.57272
0.375	0.375	0.56285
0.375	0.4	0.56012
0.375	0.425	0.55697
0.375	0.45	0.55673
0.375	0.475	0.54474
0.375	0.5	0.54507
0.375	0.525	0.53228
0.375	0.55	0.54706
0.375	0.575	0.53733
0.375	0.6	0.52682
0.375	0.625	0.52148
0.375	0.65	0.51772
0.375	0.675	0.51832
0.375	0.7	0.52022
0.375	0.725	0.51253
0.375	0.75	0.51464
0.375	0.775	0.51285
0.375	0.8	0.49531
0.375	0.825	0.50381
0.375	0.85	0.48942
0.375	0.875	0.49547
0.375	0.9	0.48596
0.375	0.925	0.48179
0.375	0.95	0.49074
0.375	0.975	0.46813
0.375	1	0.46115
0.4	0.025	0.65656
0.4	0.05	0.64805
0.4	0.075	0.64158
0.4	0.1	0.6373
0.4	0.125	0.6287
0.4	0.15	0.62206
0.4	0.175	0.61331
0.4	0.2	0.60512
0.4	0.225	0.60521
0.4	0.25	0.59191
0.4	0.275	0.58473
0.4	0.3	0.5784
0.4	0.325	0.57795
0.4	0.35	0.55662
0.4	0.375	0.5659
0.4	0.4	0.54977
0.4	0.425	0.53684
0.4	0.45	0.54286
0.4	0.475	0.54756
0.4	0.5	0.53731
0.4	0.525	0.52701
0.4	0.55	0.52867
0.4	0.575	0.5333
0.4	0.6	0.51586
0.4	0.625	0.51415
0.4	0.65	0.51537
0.4	0.675	0.50818
0.4	0.7	0.49936
0.4	0.725	0.5099
0.4	0.75	0.50712
0.4	0.775	0.51416
0.4	0.8	0.50701
0.4	0.825	0.49889
0.4	0.85	0.4909
0.4	0.875	0.48744
0.4	0.9	0.48285
0.4	0.925	0.48133
0.4	0.95	0.47912
0.4	0.975	0.47042
0.4	1	0.45799
0.425	0.025	0.64868
0.425	0.05	0.64348
0.425	0.075	0.63178
0.425	0.1	0.62986
0.425	0.125	0.62072
0.425	0.15	0.60923
0.425	0.175	0.60636
0.425	0.2	0.59816
0.425	0.225	0.59285
0.425	0.25	0.5893
0.425	0.275	0.57668
0.425	0.3	0.5715
0.425	0.325	0.56786
0.425	0.35	0.56209
0.425	0.375	0.55303
0.425	0.4	0.54482
0.425	0.425	0.53983
0.425	0.45	0.53107
0.425	0.475	0.52762
0.425	0.5	0.52955
0.425	0.525	0.52074
0.425	0.55	0.52662
0.425	0.575	0.5218
0.425	0.6	0.5114
0.425	0.625	0.52824
0.425	0.65	0.51066
0.425	0.675	0.51911
0.425	0.7	0.50453
0.425	0.725	0.50252
0.425	0.75	0.5064
0.425	0.775	0.48883
0.425	0.8	0.48282
0.425	0.825	0.49262
0.425	0.85	0.49107
0.425	0.875	0.48448
0.425	0.9	0.4806
0.425	0.925	0.47907
0.425	0.95	0.46386
0.425	0.975	0.47995
0.425	1	0.47454
0.45	0.025	0.63978
0.45	0.05	0.63487
0.45	0.075	0.62711
0.45	0.1	0.62119
0.45	0.125	0.61276
0.45	0.15	0.60277
0.45	0.175	0.59793
0.45	0.2	0.59376
0.45	0.225	0.57622
0.45	0.25	0.57966
0.45	0.275	0.56749
0.45	0.3	0.56586
0.45	0.325	0.55142
0.45	0.35	0.54698
0.45	0.375	0.5425
0.45	0.4	0.53123
0.45	0.425	0.52853
0.45	0.45	0.52905
0.45	0.475	0.53251
0.45	0.5	0.52245
0.45	0.525	0.51793
0.45	0.55	0.50971
0.45	0.575	0.50746
0.45	0.6	0.51128
0.45	0.625	0.50739
0.45	0.65	0.49662
0.45	0.675	0.50093
0.45	0.7	0.49413
0.45	0.725	0.49551
0.45	0.75	0.49975
0.45	0.775	0.48996
0.45	0.8	0.48425
0.45	0.825	0.48003
0.45	0.85	0.49189
0.45	0.875	0.48462
0.45	0.9	0.48111
0.45	0.925	0.45459
0.45	0.95	0.46416
0.45	0.975	0.47403
0.45	1	0.46063
0.475	0.025	0.63482
0.475	0.05	0.62537
0.475	0.075	0.61906
0.475	0.1	0.61361
0.475	0.125	0.60544
0.475	0.15	0.5971
0.475	0.175	0.58471
0.475	0.2	0.58071
0.475	0.225	0.57253
0.475	0.25	0.56784
0.475	0.275	0.56072
0.475	0.3	0.55323
0.475	0.325	0.55089
0.475	0.35	0.54384
0.475	0.375	0.53848
0.475	0.4	0.5341
0.475	0.425	0.52505
0.475	0.45	0.51248
0.475	0.475	0.50957
0.475	0.5	0.51882
0.475	0.525	0.51452
0.475	0.55	0.51528
0.475	0.575	0.51359
0.475	0.6	0.49761
0.475	0.625	0.49998
0.475	0.65	0.50126
0.475	0.675	0.50085
0.475	0.7	0.49005
0.475	0.725	0.4845
0.475	0.75	0.50604
0.475	0.775	0.49286
0.475	0.8	0.48925
0.475	0.825	0.49052
0.475	0.85	0.48471
0.475	0.875	0.47902
0.475	0.9	0.46283
0.475	0.925	0.46641
0.475	0.95	0.48075
0.475	0.975	0.46606
0.475	1	0.47258
0.5	0.025	0.62479
0.5	0.05	0.61923
0.5	0.075	0.61217
0.5	0.1	0.60167
0.5	0.125	0.59767
0.5	0.15	0.58646
0.5	0.175	0.58023
0.5	0.2	0.57564
0.5	0.225	0.56808
0.5	0.25	0.5533
0.5	0.275	0.55296
0.5	0.3	0.54897
0.5	0.325	0.53934
0.5	0.35	0.53802
0.5	0.375	0.5206
0.5	0.4	0.51981
0.5	0.425	0.51369
0.5	0.45	0.51939
0.5	0.475	0.50791
0.5	0.5	0.49689
0.5	0.525	0.50489
0.5	0.55	0.49943
0.5	0.575	0.49394
0.5	0.6	0.4909
0.5	0.625	0.49653
0.5	0.65	0.48494
0.5	0.675	0.48746
0.5	0.7	0.49262
0.5	0.725	0.4765
0.5	0.75	0.49262
0.5	0.775	0.48345
0.5	0.8	0.48325
0.5	0.825	0.48147
0.5	0.85	0.4796
0.5	0.875	0.46531
0.5	0.9	0.45684
0.5	0.925	0.4623
0.5	0.95	0.45488
0.5	0.975	0.46171
0.5	1	0.45739
0.525	0.025	0.61373
0.525	0.05	0.60943
0.525	0.075	0.60151
0.525	0.1	0.5935
0.525	0.125	0.5857
0.525	0.15	0.57833
0.525	0.175	0.56832
0.525	0.2	0.56472
0.525	0.225	0.55464
0.525	0.25	0.54511
0.525	0.275	0.53799
0.525	0.3	0.53602
0.525	0.325	0.5299
0.525	0.35	0.51782
0.525	0.375	0.51363
0.525	0.4	0.51815
0.525	0.425	0.49961
0.525	0.45	0.49987
0.525	0.475	0.5006
0.525	0.5	0.48765
0.525	0.525	0.49498
0.525	0.55	0.49479
0.525	0.575	0.49144
0.525	0.6	0.49133
0.525	0.625	0.49227
0.525	0.65	0.48497
0.525	0.675	0.48947
0.525	0.7	0.47307
0.525	0.725	0.47432
0.525	0.75	0.47933
0.525	0.775	0.4854
0.525	0.8	0.47952
0.525	0.825	0.48302
0.525	0.85	0.47534
0.525	0.875	0.47316
0.525	0.9	0.45378
0.525	0.925	0.4676
0.525	0.95	0.46568
0.525	0.975	0.46189
0.525	1	0.45793
0.55	0.025	0.60553
0.55	0.05	0.59851
0.55	0.075	0.59096
0.55	0.1	0.58396
0.55	0.125	0.57337
0.55	0.15	0.56773
0.55	0.175	0.55785
0.55	0.2	0.55129
0.55	0.225	0.54298
0.55	0.25	0.54383
0.55	0.275	0.52987
0.55	0.3	0.52118
0.55	0.325	0.51911
0.55	0.35	0.51704
0.55	0.375	0.5084
0.55	0.4	0.50842
0.55	0.425	0.50618
0.55	0.45	0.49655
0.55	0.475	0.49663
0.55	0.5	0.49079
0.55	0.525	0.48224
0.55	0.55	0.48438
0.55	0.575	0.47548
0.55	0.6	0.4744
0.55	0.625	0.46344
0.55	0.65	0.46278
0.55	0.675	0.47127
0.55	0.7	0.47104
0.55	0.725	0.47563
0.55	0.75	0.48399
0.55	0.775	0.46646
0.55	0.8	0.48768
0.55	0.825	0.46214
0.55	0.85	0.47126
0.55	0.875	0.46356
0.55	0.9	0.46576
0.55	0.925	0.46739
0.55	0.95	0.45505
0.55	0.975	0.45613
0.55	1	0.44821
0.575	0.025	0.59513
0.575	0.05	0.58885
0.575	0.075	0.58079
0.575	0.1	0.57102
0.575	0.125	0.56526
0.575	0.15	0.55488
0.575	0.175	0.55175
0.575	0.2	0.53797
0.575	0.225	0.53269
0.575	0.25	0.52713
0.575	0.275	0.51576
0.575	0.3	0.51108
0.575	0.325	0.50102
0.575	0.35	0.49432
0.575	0.375	0.49097
0.575	0.4	0.49751
0.575	0.425	0.48328
0.575	0.45	0.49434
0.575	0.475	0.47441
0.575	0.5	0.4704
0.575	0.525	0.46944
0.575	0.55	0.47362
0.575	0.575	0.46997
0.575	0.6	0.46573
0.575	0.625	0.46623
0.575	0.65	0.45969
0.575	0.675	0.47503
0.575	0.7	0.45936
0.575	0.725	0.45933
0.575	0.75	0.45914
0.575	0.775	0.46523
0.575	0.8	0.47026
0.575	0.825	0.4715
0.575	0.85	0.47547
0.575	0.875	0.45061
0.575	0.9	0.46293
0.575	0.925	0.44837
0.575	0.95	0.44751
0.575	0.975	0.44666
0.575	1	0.4548
0.6	0.025	0.58283
0.6	0.05	0.57645
0.6	0.075	0.56871
0.6	0.1	0.55776
0.6	0.125	0.55228
0.6	0.15	0.54307
0.6	0.175	0.53248
0.6	0.2	0.52692
0.6	0.225	0.52161
0.6	0.25	0.50633
0.6	0.275	0.51149
0.6	0.3	0.50386
0.6	0.325	0.49055
0.6	0.35	0.49215
0.6	0.375	0.48311
0.6	0.4	0.47742
0.6	0.425	0.47318
0.6	0.45	0.47966
0.6	0.475	0.46474
0.6	0.5	0.46848
0.6	0.525	0.47098
0.6	0.55	0.46441
0.6	0.575	0.46537
0.6	0.6	0.45855
0.6	0.625	0.46224
0.6	0.65	0.44691
0.6	0.675	0.4513
0.6	0.7	0.46019
0.6	0.725	0.46558
0.6	0.75	0.46874
0.6	0.775	0.45674
0.6	0.8	0.4731
0.6	0.825	0.47273
0.6	0.85	0.45241
0.6	0.875	0.46418
0.6	0.9	0.44996
0.6	0.925	0.44479
0.6	0.95	0.43741
0.6	0.975	0.44297
0.6	1	0.44407
0.625	0.025	0.57209
0.625	0.05	0.56278
0.625	0.075	0.55159
0.625	0.1	0.54449
0.625	0.125	0.53659
0.625	0.15	0.53248
0.625	0.175	0.52127
0.625	0.2	0.51789
0.625	0.225	0.50388
0.625	0.25	0.50095
0.625	0.275	0.49786
0.625	0.3	0.49363
0.625	0.325	0.48392
0.625	0.35	0.47535
0.625	0.375	0.47394
0.625	0.4	0.46466
0.625	0.425	0.45925
0.625	0.45	0.45667
0.625	0.475	0.45601
0.625	0.5	0.45592
0.625	0.525	0.44893
0.625	0.55	0.43599
0.625	0.575	0.44866
0.625	0.6	0.44084
0.625	0.625	0.44428
0.625	0.65	0.45265
0.625	0.675	0.44981
0.625	0.7	0.44466
0.625	0.725	0.44791
0.625	0.75	0.45405
0.625	0.775	0.44584
0.625	0.8	0.45505
0.625	0.825	0.43948
0.625	0.85	0.45983
0.625	0.875	0.44933
0.625	0.9	0.45776
0.625	0.925	0.45317
0.625	0.95	0.44191
0.625	0.975	0.45383
0.625	1	0.44052
0.65	0.025	0.55757
0.65	0.05	0.54594
0.65	0.075	0.53924
0.65	0.1	0.53298
0.65	0.125	0.52303
0.65	0.15	0.51285
0.65	0.175	0.50505
0.65	0.2	0.50281
0.65	0.225	0.49525
0.65	0.25	0.48379
0.65	0.275	0.47929
0.65	0.3	0.47188
0.65	0.325	0.46772
0.65	0.35	0.46098
0.65	0.375	0.46013
0.65	0.4	0.45892
0.65	0.425	0.44395
0.65	0.45	0.45569
0.65	0.475	0.44779
0.65	0.5	0.44802
0.65	0.525	0.43261
0.65	0.55	0.43406
0.65	0.575	0.43534
0.65	0.6	0.43133
0.65	0.625	0.43078
0.65	0.65	0.43332
0.65	0.675	0.43842
0.65	0.7	0.44431
0.65	0.725	0.43976
0.65	0.75	0.44031
0.65	0.775	0.43577
0.65	0.8	0.46572
0.65	0.825	0.44612
0.65	0.85	0.45524
0.65	0.875	0.44514
0.65	0.9	0.46006
0.65	0.925	0.44575
0.65	0.95	0.44815
0.65	0.975	0.4476
0.65	1	0.44093
0.675	0.025	0.53808
0.675	0.05	0.53237
0.675	0.075	0.52465
0.675	0.1	0.51735
0.675	0.125	0.50343
0.675	0.15	0.49617
0.675	0.175	0.4904
0.675	0.2	0.48256
0.675	0.225	0.47361
0.675	0.25	0.46758
0.675	0.275	0.46001
0.675	0.3	0.45688
0.675	0.325	0.4486
0.675	0.35	0.4467
0.675	0.375	0.43742
0.675	0.4	0.43012
0.675	0.425	0.43401
0.675	0.45	0.43139
0.675	0.475	0.42721
0.675	0.5	0.4164
0.675	0.525	0.42065
0.675	0.55	0.4246
0.675	0.575	0.43185
0.675	0.6	0.40961
0.675	0.625	0.41763
0.675	0.65	0.42281
0.675	0.675	0.42467
0.675	0.7	0.42741
0.675	0.725	0.43267
0.675	0.75	0.42746
0.675	0.775	0.4367
0.675	0.8	0.4397
0.675	0.825	0.44286
0.675	0.85	0.44446
0.675	0.875	0.44452
0.675	0.9	0.44181
0.675	0.925	0.44153
0.675	0.95	0.43416
0.675	0.975	0.43586
0.675	1	0.4276
0.7	0.025	0.52324
0.7	0.05	0.51398
0.7	0.075	0.50292
0.7	0.1	0.49706
0.7	0.125	0.48787
0.7	0.15	0.47895
0.7	0.175	0.46923
0.7	0.2	0.46048
0.7	0.225	0.45602
0.7	0.25	0.44357
0.7	0.275	0.44202
0.7	0.3	0.44339
0.7	0.325	0.43235
0.7	0.35	0.42513
0.7	0.375	0.42075
0.7	0.4	0.41878
0.7	0.425	0.41193
0.7	0.45	0.41647
0.7	0.475	0.41125
0.7	0.5	0.41252
0.7	0.525	0.40793
0.7	0.55	0.40789
0.7	0.575	0.40227
0.7	0.6	0.40951
0.7	0.625	0.41552
0.7	0.65	0.40921
0.7	0.675	0.4083
0.7	0.7	0.41044
0.7	0.725	0.42294
0.7	0.75	0.42201
0.7	0.775	0.42812
0.7	0.8	0.43345
0.7	0.825	0.43252
0.7	0.85	0.42971
0.7	0.875	0.43395
0.7	0.9	0.43923
0.7	0.925	0.43868
0.7	0.95	0.43184
0.7	0.975	0.43442
0.7	1	0.41429
0.725	0.025	0.50514
0.725	0.05	0.49312
0.725	0.075	0.48674
0.725	0.1	0.47738
0.725	0.125	0.46797
0.725	0.15	0.4572
0.725	0.175	0.4512
0.725	0.2	0.4421
0.725	0.225	0.43913
0.725	0.25	0.42989
0.725	0.275	0.42333
0.725	0.3	0.42063
0.725	0.325	0.41004
0.725	0.35	0.40937
0.725	0.375	0.40536
0.725	0.4	0.40339
0.725	0.425	0.40032
0.725	0.45	0.39277
0.725	0.475	0.39508
0.725	0.5	0.39885
0.725	0.525	0.39774
0.725	0.55	0.39131
0.725	0.575	0.38944
0.725	0.6	0.39159
0.725	0.625	0.3887
0.725	0.65	0.40354
0.725	0.675	0.39831
0.725	0.7	0.40736
0.725	0.725	0.40967
0.725	0.75	0.40242
0.725	0.775	0.40689
0.725	0.8	0.40653
0.725	0.825	0.40764
0.725	0.85	0.42612
0.725	0.875	0.42453
0.725	0.9	0.43954
0.725	0.925	0.43247
0.725	0.95	0.43437
0.725	0.975	0.42227
0.725	1	0.42637
0.75	0.025	0.47818
0.75	0.05	0.47128
0.75	0.075	0.46085
0.75	0.1	0.45083
0.75	0.125	0.44237
0.75	0.15	0.44066
0.75	0.175	0.42996
0.75	0.2	0.41969
0.75	0.225	0.41935
0.75	0.25	0.40861
0.75	0.275	0.40697
0.75	0.3	0.40193
0.75	0.325	0.3939
0.75	0.35	0.38506
0.75	0.375	0.37975
0.75	0.4	0.38173
0.75	0.425	0.38625
0.75	0.45	0.37514
0.75	0.475	0.369
0.75	0.5	0.37476
0.75	0.525	0.37848
0.75	0.55	0.3737
0.75	0.575	0.37537
0.75	0.6	0.37844
0.75	0.625	0.37571
0.75	0.65	0.37673
0.75	0.675	0.38215
0.75	0.7	0.38442
0.75	0.725	0.38485
0.75	0.75	0.39254
0.75	0.775	0.38672
0.75	0.8	0.40042
0.75	0.825	0.40198
0.75	0.85	0.41207
0.75	0.875	0.41808
0.75	0.9	0.43047
0.75	0.925	0.42461
0.75	0.95	0.43768
0.75	0.975	0.42588
0.75	1	0.41002
0.775	0.025	0.45673
0.775	0.05	0.4487
0.775	0.075	0.44068
0.775	0.1	0.4285
0.775	0.125	0.42038
0.775	0.15	0.41625
0.775	0.175	0.40803
0.775	0.2	0.39746
0.775	0.225	0.39615
0.775	0.25	0.38453
0.775	0.275	0.37885
0.775	0.3	0.37862
0.775	0.325	0.37281
0.775	0.35	0.36536
0.775	0.375	0.36071
0.775	0.4	0.35944
0.775	0.425	0.35131
0.775	0.45	0.35052
0.775	0.475	0.35924
0.775	0.5	0.35123
0.775	0.525	0.35893
0.775	0.55	0.35577
0.775	0.575	0.33701
0.775	0.6	0.36595
0.775	0.625	0.35366
0.775	0.65	0.36237
0.775	0.675	0.36669
0.775	0.7	0.36218
0.775	0.725	0.3717
0.775	0.75	0.36865
0.775	0.775	0.37664
0.775	0.8	0.39505
0.775	0.825	0.40515
0.775	0.85	0.39044
0.775	0.875	0.39576
0.775	0.9	0.42301
0.775	0.925	0.41487
0.775	0.95	0.41734
0.775	0.975	0.42228
0.775	1	0.43309
0.8	0.025	0.4293
0.8	0.05	0.41992
0.8	0.075	0.41081
0.8	0.1	0.39995
0.8	0.125	0.39732
0.8	0.15	0.38594
0.8	0.175	0.37802
0.8	0.2	0.3753
0.8	0.225	0.36704
0.8	0.25	0.36373
0.8	0.275	0.35575
0.8	0.3	0.35358
0.8	0.325	0.3389
0.8	0.35	0.34062
0.8	0.375	0.33434
0.8	0.4	0.33447
0.8	0.425	0.32851
0.8	0.45	0.33908
0.8	0.475	0.32775
0.8	0.5	0.32651
0.8	0.525	0.3245
0.8	0.55	0.32613
0.8	0.575	0.34106
0.8	0.6	0.34262
0.8	0.625	0.34005
0.8	0.65	0.33589
0.8	0.675	0.34329
0.8	0.7	0.35521
0.8	0.725	0.34984
0.8	0.75	0.34934
0.8	0.775	0.35068
0.8	0.8	0.36467
0.8	0.825	0.36368
0.8	0.85	0.39111
0.8	0.875	0.40463
0.8	0.9	0.405
0.8	0.925	0.42244
0.8	0.95	0.40933
0.8	0.975	0.41438
0.8	1	0.41001
0.825	0.025	0.3997
0.825	0.05	0.38896
0.825	0.075	0.38111
0.825	0.1	0.37104
0.825	0.125	0.3662
0.825	0.15	0.35458
0.825	0.175	0.35349
0.825	0.2	0.33907
0.825	0.225	0.34055
0.825	0.25	0.33269
0.825	0.275	0.32803
0.825	0.3	0.321
0.825	0.325	0.32159
0.825	0.35	0.31894
0.825	0.375	0.3143
0.825	0.4	0.31223
0.825	0.425	0.31099
0.825	0.45	0.31445
0.825	0.475	0.30464
0.825	0.5	0.30969
0.825	0.525	0.30755
0.825	0.55	0.31584
0.825	0.575	0.30174
0.825	0.6	0.30716
0.825	0.625	0.31945
0.825	0.65	0.32349
0.825	0.675	0.32203
0.825	0.7	0.32669
0.825	0.725	0.33507
0.825	0.75	0.3304
0.825	0.775	0.35121
0.825	0.8	0.34849
0.825	0.825	0.35459
0.825	0.85	0.37989
0.825	0.875	0.37422
0.825	0.9	0.40483
0.825	0.925	0.40122
0.825	0.95	0.41474
0.825	0.975	0.40388
0.825	1	0.41975
0.85	0.025	0.36111
0.85	0.05	0.35532
0.85	0.075	0.34635
0.85	0.1	0.33655
0.85	0.125	0.33271
0.85	0.15	0.32516
0.85	0.175	0.31754
0.85	0.2	0.31404
0.85	0.225	0.31017
0.85	0.25	0.29982
0.85	0.275	0.29783
0.85	0.3	0.29298
0.85	0.325	0.28982
0.85	0.35	0.28739
0.85	0.375	0.29312
0.85	0.4	0.27892
0.85	0.425	0.283
0.85	0.45	0.28153
0.85	0.475	0.28791
0.85	0.5	0.27951
0.85	0.525	0.28027
0.85	0.55	0.27908
0.85	0.575	0.2893
0.85	0.6	0.28753
0.85	0.625	0.285
0.85	0.65	0.2873
0.85	0.675	0.29327
0.85	0.7	0.30903
0.85	0.725	0.30363
0.85	0.75	0.30789
0.85	0.775	0.32125
0.85	0.8	0.32132
0.85	0.825	0.33742
0.85	0.85	0.35654
0.85	0.875	0.3615
0.85	0.9	0.38616
0.85	0.925	0.39321
0.85	0.95	0.39369
0.85	0.975	0.39435
0.85	1	0.39331
0.875	0.025	0.32751
0.875	0.05	0.31598
0.875	0.075	0.30761
0.875	0.1	0.30056
0.875	0.125	0.29809
0.875	0.15	0.28779
0.875	0.175	0.28199
0.875	0.2	0.27806
0.875	0.225	0.27378
0.875	0.25	0.26969
0.875	0.275	0.26708
0.875	0.3	0.26337
0.875	0.325	0.2653
0.875	0.35	0.26197
0.875	0.375	0.25569
0.875	0.4	0.25129
0.875	0.425	0.25461
0.875	0.45	0.25049
0.875	0.475	0.24538
0.875	0.5	0.25314
0.875	0.525	0.25054
0.875	0.55	0.25668
0.875	0.575	0.25379
0.875	0.6	0.2521
0.875	0.625	0.26323
0.875	0.65	0.26515
0.875	0.675	0.26731
0.875	0.7	0.2658
0.875	0.725	0.28587
0.875	0.75	0.27406
0.875	0.775	0.30096
0.875	0.8	0.30692
0.875	0.825	0.31435
0.875	0.85	0.32314
0.875	0.875	0.3429
0.875	0.9	0.35221
0.875	0.925	0.37629
0.875	0.95	0.40652
0.875	0.975	0.38109
0.875	1	0.39119
0.9	0.025	0.28195
0.9	0.05	0.27503
0.9	0.075	0.26973
0.9	0.1	0.26141
0.9	0.125	0.25491
0.9	0.15	0.25094
0.9	0.175	0.24652
0.9	0.2	0.24041
0.9	0.225	0.23713
0.9	0.25	0.2351
0.9	0.275	0.23025
0.9	0.3	0.22613
0.9	0.325	0.22413
0.9	0.35	0.22624
0.9	0.375	0.22317
0.9	0.4	0.2266
0.9	0.425	0.22505
0.9	0.45	0.22366
0.9	0.475	0.22403
0.9	0.5	0.22451
0.9	0.525	0.221
0.9	0.55	0.22737
0.9	0.575	0.23067
0.9	0.6	0.2244
0.9	0.625	0.23136
0.9	0.65	0.23883
0.9	0.675	0.24453
0.9	0.7	0.25035
0.9	0.725	0.25244
0.9	0.75	0.25244
0.9	0.775	0.2675
0.9	0.8	0.26359
0.9	0.825	0.29287
0.9	0.85	0.29283
0.9	0.875	0.29879
0.9	0.9	0.31894
0.9	0.925	0.35996
0.9	0.95	0.38112
0.9	0.975	0.39056
0.9	1	0.39732
0.925	0.025	0.23492
0.925	0.05	0.22958
0.925	0.075	0.22542
0.925	0.1	0.21852
0.925	0.125	0.21639
0.925	0.15	0.2126
0.925	0.175	0.20671
0.925	0.2	0.20615
0.925	0.225	0.20133
0.925	0.25	0.1982
0.925	0.275	0.19443
0.925	0.3	0.19839
0.925	0.325	0.19391
0.925	0.35	0.19153
0.925	0.375	0.18772
0.925	0.4	0.18969
0.925	0.425	0.1918
0.925	0.45	0.18768
0.925	0.475	0.18886
0.925	0.5	0.18962
0.925	0.525	0.18572
0.925	0.55	0.19139
0.925	0.575	0.18915
0.925	0.6	0.19529
0.925	0.625	0.19776
0.925	0.65	0.20095
0.925	0.675	0.20617
0.925	0.7	0.21045
0.925	0.725	0.21701
0.925	0.75	0.21851
0.925	0.775	0.22542
0.925	0.8	0.23785
0.925	0.825	0.24946
0.925	0.85	0.26158
0.925	0.875	0.27158
0.925	0.9	0.28895
0.925	0.925	0.32729
0.925	0.95	0.35237
0.925	0.975	0.39789
0.925	1	0.38748
0.95	0.025	0.18928
0.95	0.05	0.18063
0.95	0.075	0.18
0.95	0.1	0.17603
0.95	0.125	0.17161
0.95	0.15	0.17048
0.95	0.175	0.17003
0.95	0.2	0.16312
0.95	0.225	0.16478
0.95	0.25	0.16081
0.95	0.275	0.15981
0.95	0.3	0.16221
0.95	0.325	0.15938
0.95	0.35	0.15895
0.95	0.375	0.15848
0.95	0.4	0.15819
0.95	0.425	0.15757
0.95	0.45	0.15651
0.95	0.475	0.15887
0.95	0.5	0.15924
0.95	0.525	0.15462
0.95	0.55	0.15851
0.95	0.575	0.16043
0.95	0.6	0.16445
0.95	0.625	0.16356
0.95	0.65	0.16398
0.95	0.675	0.169
0.95	0.7	0.17016
0.95	0.725	0.17857
0.95	0.75	0.18065
0.95	0.775	0.18655
0.95	0.8	0.19076
0.95	0.825	0.20155
0.95	0.85	0.21366
0.95	0.875	0.2227
0.95	0.9	0.23992
0.95	0.925	0.26303
0.95	0.95	0.30152
0.95	0.975	0.36921
0.95	1	0.36994
0.975	0.025	0.14012
0.975	0.05	0.13929
0.975	0.075	0.13467
0.975	0.1	0.1334
0.975	0.125	0.13313
0.975	0.15	0.12883
0.975	0.175	0.13059
0.975	0.2	0.12885
0.975	0.225	0.12618
0.975	0.25	0.12825
0.975	0.275	0.12696
0.975	0.3	0.12733
0.975	0.325	0.1265
0.975	0.35	0.12356
0.975	0.375	0.12635
0.975	0.4	0.1253
0.975	0.425	0.12577
0.975	0.45	0.12901
0.975	0.475	0.1269
0.975	0.5	0.12362
0.975	0.525	0.12676
0.975	0.55	0.12731
0.975	0.575	0.12802
0.975	0.6	0.13031
0.975	0.625	0.1315
0.975	0.65	0.13284
0.975	0.675	0.13308
0.975	0.7	0.13352
0.975	0.725	0.13729
0.975	0.75	0.13757
0.975	0.775	0.14024
0.975	0.8	0.14278
0.975	0.825	0.15258
0.975	0.85	0.16149
0.975	0.875	0.16612
0.975	0.9	0.18107
0.975	0.925	0.19836
0.975	0.95	0.24348
0.975	0.975	0.2813
0.975	1	0.34839
1	0.025	0.09687
1	0.05	0.09777
1	0.075	0.09699
1	0.1	0.098
1	0.125	0.09871
1	0.15	0.0969
1	0.175	0.09769
1	0.2	0.09611
1	0.225	0.09793
1	0.25	0.09747
1	0.275	0.09779
1	0.3	0.09704
1	0.325	0.09858
1	0.35	0.09498
1	0.375	0.09786
1	0.4	0.09726
1	0.425	0.09616
1	0.45	0.09724
1	0.475	0.0961
1	0.5	0.09565
1	0.525	0.09693
1	0.55	0.09763
1	0.575	0.09748
1	0.6	0.09758
1	0.625	0.09794
1	0.65	0.0981
1	0.675	0.09692
1	0.7	0.0974
1	0.725	0.09519
1	0.75	0.09775
1	0.775	0.09511
1	0.8	0.09718
1	0.825	0.09731
1	0.85	0.09617
1	0.875	0.09731
1	0.9	0.0965
1	0.925	0.09851
1	0.95	0.09743
1	0.975	0.09823
1	1	0.09764