0.025	0.025	0
0.05	0.025	9.79E-4
0.075	0.025	0.0317
0.1	0.025	0.08745
0.125	0.025	0.14099
0.15	0.025	0.19276
0.175	0.025	0.2321
0.2	0.025	0.26852
0.225	0.025	0.28858
0.25	0.025	0.32367
0.275	0.025	0.3385
0.3	0.025	0.36686
0.325	0.025	0.38439
0.35	0.025	0.39693
0.375	0.025	0.40971
0.4	0.025	0.4203
0.425	0.025	0.43839
0.45	0.025	0.44307
0.475	0.025	0.45459
0.5	0.025	0.45991
0.525	0.025	0.46592
0.55	0.025	0.48443
0.575	0.025	0.47775
0.6	0.025	0.48459
0.625	0.025	0.49508
0.65	0.025	0.50499
0.675	0.025	0.50232
0.7	0.025	0.50654
0.725	0.025	0.5139
0.75	0.025	0.51502
0.775	0.025	0.51859
0.8	0.025	0.52876
0.825	0.025	0.5254
0.85	0.025	0.5364
0.875	0.025	0.53889
0.9	0.025	0.54851
0.925	0.025	0.53897
0.95	0.025	0.54472
0.975	0.025	0.54878
1	0.025	0.54654
0.025	0.05	0
0.05	0.05	6.53333E-4
0.075	0.05	0.03063
0.1	0.05	0.08525
0.125	0.05	0.13463
0.15	0.05	0.18454
0.175	0.05	0.22274
0.2	0.05	0.25681
0.225	0.05	0.29148
0.25	0.05	0.31714
0.275	0.05	0.34457
0.3	0.05	0.36206
0.325	0.05	0.38825
0.35	0.05	0.40171
0.375	0.05	0.40552
0.4	0.05	0.41376
0.425	0.05	0.42465
0.45	0.05	0.44249
0.475	0.05	0.45209
0.5	0.05	0.46644
0.525	0.05	0.46205
0.55	0.05	0.47533
0.575	0.05	0.47268
0.6	0.05	0.48293
0.625	0.05	0.49145
0.65	0.05	0.50167
0.675	0.05	0.5039
0.7	0.05	0.49952
0.725	0.05	0.51283
0.75	0.05	0.51304
0.775	0.05	0.51906
0.8	0.05	0.52785
0.825	0.05	0.52719
0.85	0.05	0.53149
0.875	0.05	0.53725
0.9	0.05	0.54402
0.925	0.05	0.53628
0.95	0.05	0.53499
0.975	0.05	0.54138
1	0.05	0.54729
0.025	0.075	0
0.05	0.075	5.75333E-4
0.075	0.075	0.03112
0.1	0.075	0.08481
0.125	0.075	0.13585
0.15	0.075	0.18303
0.175	0.075	0.21778
0.2	0.075	0.25864
0.225	0.075	0.29208
0.25	0.075	0.31756
0.275	0.075	0.33983
0.3	0.075	0.35963
0.325	0.075	0.37356
0.35	0.075	0.39055
0.375	0.075	0.40515
0.4	0.075	0.41143
0.425	0.075	0.42351
0.45	0.075	0.43493
0.475	0.075	0.44432
0.5	0.075	0.44948
0.525	0.075	0.45569
0.55	0.075	0.45614
0.575	0.075	0.47063
0.6	0.075	0.48682
0.625	0.075	0.48798
0.65	0.075	0.49199
0.675	0.075	0.49899
0.7	0.075	0.49697
0.725	0.075	0.51186
0.75	0.075	0.51599
0.775	0.075	0.52022
0.8	0.075	0.52033
0.825	0.075	0.52201
0.85	0.075	0.51998
0.875	0.075	0.5267
0.9	0.075	0.53743
0.925	0.075	0.54192
0.95	0.075	0.53388
0.975	0.075	0.5463
1	0.075	0.54604
0.025	0.1	0
0.05	0.1	0.00101
0.075	0.1	0.03091
0.1	0.1	0.08263
0.125	0.1	0.13171
0.15	0.1	0.17319
0.175	0.1	0.21948
0.2	0.1	0.25282
0.225	0.1	0.29513
0.25	0.1	0.31173
0.275	0.1	0.33455
0.3	0.1	0.34922
0.325	0.1	0.3695
0.35	0.1	0.38289
0.375	0.1	0.40199
0.4	0.1	0.40023
0.425	0.1	0.41812
0.45	0.1	0.43188
0.475	0.1	0.44453
0.5	0.1	0.45006
0.525	0.1	0.46511
0.55	0.1	0.4684
0.575	0.1	0.46241
0.6	0.1	0.47391
0.625	0.1	0.48283
0.65	0.1	0.49075
0.675	0.1	0.49779
0.7	0.1	0.49711
0.725	0.1	0.50657
0.75	0.1	0.51429
0.775	0.1	0.5127
0.8	0.1	0.52205
0.825	0.1	0.51937
0.85	0.1	0.52103
0.875	0.1	0.5253
0.9	0.1	0.5249
0.925	0.1	0.53515
0.95	0.1	0.53586
0.975	0.1	0.53833
1	0.1	0.54012
0.025	0.125	0
0.05	0.125	5.21333E-4
0.075	0.125	0.03176
0.1	0.125	0.08528
0.125	0.125	0.12958
0.15	0.125	0.17956
0.175	0.125	0.2136
0.2	0.125	0.25263
0.225	0.125	0.28315
0.25	0.125	0.30882
0.275	0.125	0.33588
0.3	0.125	0.34603
0.325	0.125	0.36907
0.35	0.125	0.38777
0.375	0.125	0.39033
0.4	0.125	0.41036
0.425	0.125	0.42231
0.45	0.125	0.43218
0.475	0.125	0.43539
0.5	0.125	0.44137
0.525	0.125	0.45303
0.55	0.125	0.45536
0.575	0.125	0.46098
0.6	0.125	0.47311
0.625	0.125	0.47929
0.65	0.125	0.48192
0.675	0.125	0.48217
0.7	0.125	0.49533
0.725	0.125	0.49847
0.75	0.125	0.50686
0.775	0.125	0.50858
0.8	0.125	0.50925
0.825	0.125	0.51108
0.85	0.125	0.52363
0.875	0.125	0.5267
0.9	0.125	0.52618
0.925	0.125	0.52493
0.95	0.125	0.53307
0.975	0.125	0.53607
1	0.125	0.54117
0.025	0.15	0
0.05	0.15	0.00122
0.075	0.15	0.02848
0.1	0.15	0.08069
0.125	0.15	0.12348
0.15	0.15	0.16896
0.175	0.15	0.20321
0.2	0.15	0.23947
0.225	0.15	0.27793
0.25	0.15	0.30332
0.275	0.15	0.32961
0.3	0.15	0.34368
0.325	0.15	0.36318
0.35	0.15	0.36917
0.375	0.15	0.4018
0.4	0.15	0.41046
0.425	0.15	0.41654
0.45	0.15	0.4211
0.475	0.15	0.42674
0.5	0.15	0.44196
0.525	0.15	0.45169
0.55	0.15	0.45555
0.575	0.15	0.45655
0.6	0.15	0.46887
0.625	0.15	0.46575
0.65	0.15	0.48317
0.675	0.15	0.48401
0.7	0.15	0.48697
0.725	0.15	0.48557
0.75	0.15	0.499
0.775	0.15	0.50425
0.8	0.15	0.50401
0.825	0.15	0.51134
0.85	0.15	0.51804
0.875	0.15	0.51489
0.9	0.15	0.52854
0.925	0.15	0.52508
0.95	0.15	0.52426
0.975	0.15	0.533
1	0.15	0.53753
0.025	0.175	0
0.05	0.175	1.82333E-4
0.075	0.175	0.02423
0.1	0.175	0.07974
0.125	0.175	0.12525
0.15	0.175	0.16721
0.175	0.175	0.20917
0.2	0.175	0.2412
0.225	0.175	0.27379
0.25	0.175	0.29406
0.275	0.175	0.3215
0.3	0.175	0.34191
0.325	0.175	0.36375
0.35	0.175	0.3709
0.375	0.175	0.38851
0.4	0.175	0.39765
0.425	0.175	0.41446
0.45	0.175	0.42597
0.475	0.175	0.42135
0.5	0.175	0.43532
0.525	0.175	0.4474
0.55	0.175	0.4413
0.575	0.175	0.45532
0.6	0.175	0.46884
0.625	0.175	0.46906
0.65	0.175	0.47274
0.675	0.175	0.47935
0.7	0.175	0.48895
0.725	0.175	0.49158
0.75	0.175	0.49269
0.775	0.175	0.4915
0.8	0.175	0.50338
0.825	0.175	0.50958
0.85	0.175	0.50792
0.875	0.175	0.51665
0.9	0.175	0.52127
0.925	0.175	0.52072
0.95	0.175	0.52258
0.975	0.175	0.52883
1	0.175	0.53587
0.025	0.2	0
0.05	0.2	5.62333E-4
0.075	0.2	0.02646
0.1	0.2	0.07548
0.125	0.2	0.1249
0.15	0.2	0.16993
0.175	0.2	0.20252
0.2	0.2	0.23959
0.225	0.2	0.27337
0.25	0.2	0.30054
0.275	0.2	0.31643
0.3	0.2	0.32947
0.325	0.2	0.35583
0.35	0.2	0.37717
0.375	0.2	0.38151
0.4	0.2	0.38036
0.425	0.2	0.39784
0.45	0.2	0.4273
0.475	0.2	0.41744
0.5	0.2	0.43048
0.525	0.2	0.43924
0.55	0.2	0.44524
0.575	0.2	0.45314
0.6	0.2	0.46779
0.625	0.2	0.46088
0.65	0.2	0.47112
0.675	0.2	0.47454
0.7	0.2	0.47191
0.725	0.2	0.48979
0.75	0.2	0.48826
0.775	0.2	0.49236
0.8	0.2	0.50878
0.825	0.2	0.50434
0.85	0.2	0.51012
0.875	0.2	0.51743
0.9	0.2	0.52182
0.925	0.2	0.51946
0.95	0.2	0.52155
0.975	0.2	0.52348
1	0.2	0.5266
0.025	0.225	0
0.05	0.225	0
0.075	0.225	0.02688
0.1	0.225	0.07462
0.125	0.225	0.12414
0.15	0.225	0.16126
0.175	0.225	0.20191
0.2	0.225	0.23138
0.225	0.225	0.25641
0.25	0.225	0.29048
0.275	0.225	0.30698
0.3	0.225	0.33817
0.325	0.225	0.35104
0.35	0.225	0.35478
0.375	0.225	0.37271
0.4	0.225	0.39486
0.425	0.225	0.40487
0.45	0.225	0.40486
0.475	0.225	0.42824
0.5	0.225	0.4225
0.525	0.225	0.44131
0.55	0.225	0.44823
0.575	0.225	0.45185
0.6	0.225	0.46097
0.625	0.225	0.47459
0.65	0.225	0.46583
0.675	0.225	0.47931
0.7	0.225	0.47941
0.725	0.225	0.48549
0.75	0.225	0.48703
0.775	0.225	0.49044
0.8	0.225	0.48664
0.825	0.225	0.49866
0.85	0.225	0.5056
0.875	0.225	0.50537
0.9	0.225	0.52138
0.925	0.225	0.52086
0.95	0.225	0.52145
0.975	0.225	0.52291
1	0.225	0.52855
0.025	0.25	0
0.05	0.25	4.8E-4
0.075	0.25	0.02258
0.1	0.25	0.07096
0.125	0.25	0.11532
0.15	0.25	0.16091
0.175	0.25	0.19163
0.2	0.25	0.23556
0.225	0.25	0.25962
0.25	0.25	0.28224
0.275	0.25	0.31289
0.3	0.25	0.3294
0.325	0.25	0.34692
0.35	0.25	0.36125
0.375	0.25	0.37756
0.4	0.25	0.37907
0.425	0.25	0.39044
0.45	0.25	0.40552
0.475	0.25	0.41848
0.5	0.25	0.42255
0.525	0.25	0.42561
0.55	0.25	0.44068
0.575	0.25	0.45454
0.6	0.25	0.45102
0.625	0.25	0.45558
0.65	0.25	0.46456
0.675	0.25	0.46615
0.7	0.25	0.48039
0.725	0.25	0.48516
0.75	0.25	0.48629
0.775	0.25	0.48953
0.8	0.25	0.49521
0.825	0.25	0.49567
0.85	0.25	0.50408
0.875	0.25	0.49676
0.9	0.25	0.50646
0.925	0.25	0.51678
0.95	0.25	0.51235
0.975	0.25	0.52206
1	0.25	0.52616
0.025	0.275	0
0.05	0.275	1.73E-4
0.075	0.275	0.02192
0.1	0.275	0.07185
0.125	0.275	0.11232
0.15	0.275	0.16031
0.175	0.275	0.19484
0.2	0.275	0.2283
0.225	0.275	0.25166
0.25	0.275	0.28248
0.275	0.275	0.30945
0.3	0.275	0.32839
0.325	0.275	0.34677
0.35	0.275	0.36272
0.375	0.275	0.36555
0.4	0.275	0.38862
0.425	0.275	0.39783
0.45	0.275	0.39151
0.475	0.275	0.41436
0.5	0.275	0.42237
0.525	0.275	0.42929
0.55	0.275	0.43147
0.575	0.275	0.45147
0.6	0.275	0.45527
0.625	0.275	0.45635
0.65	0.275	0.46468
0.675	0.275	0.4699
0.7	0.275	0.48256
0.725	0.275	0.47149
0.75	0.275	0.47237
0.775	0.275	0.48315
0.8	0.275	0.49346
0.825	0.275	0.49134
0.85	0.275	0.50092
0.875	0.275	0.50115
0.9	0.275	0.50233
0.925	0.275	0.5142
0.95	0.275	0.5087
0.975	0.275	0.51584
1	0.275	0.51629
0.025	0.3	0
0.05	0.3	2.87E-4
0.075	0.3	0.01969
0.1	0.3	0.06916
0.125	0.3	0.1049
0.15	0.3	0.15192
0.175	0.3	0.17879
0.2	0.3	0.22511
0.225	0.3	0.25351
0.25	0.3	0.28258
0.275	0.3	0.29686
0.3	0.3	0.32592
0.325	0.3	0.34755
0.35	0.3	0.34874
0.375	0.3	0.37077
0.4	0.3	0.37297
0.425	0.3	0.38728
0.45	0.3	0.39785
0.475	0.3	0.40783
0.5	0.3	0.41656
0.525	0.3	0.4192
0.55	0.3	0.42661
0.575	0.3	0.43899
0.6	0.3	0.45195
0.625	0.3	0.4568
0.65	0.3	0.46244
0.675	0.3	0.47022
0.7	0.3	0.46578
0.725	0.3	0.48267
0.75	0.3	0.47768
0.775	0.3	0.48608
0.8	0.3	0.48365
0.825	0.3	0.49186
0.85	0.3	0.49333
0.875	0.3	0.49756
0.9	0.3	0.50866
0.925	0.3	0.51009
0.95	0.3	0.51278
0.975	0.3	0.50727
1	0.3	0.5184
0.025	0.325	0
0.05	0.325	1.52667E-4
0.075	0.325	0.01773
0.1	0.325	0.06297
0.125	0.325	0.10875
0.15	0.325	0.14636
0.175	0.325	0.19114
0.2	0.325	0.2175
0.225	0.325	0.24283
0.25	0.325	0.27582
0.275	0.325	0.29963
0.3	0.325	0.32143
0.325	0.325	0.3387
0.35	0.325	0.35182
0.375	0.325	0.36613
0.4	0.325	0.3717
0.425	0.325	0.37724
0.45	0.325	0.39274
0.475	0.325	0.4077
0.5	0.325	0.40605
0.525	0.325	0.422
0.55	0.325	0.42773
0.575	0.325	0.43642
0.6	0.325	0.43542
0.625	0.325	0.45262
0.65	0.325	0.44995
0.675	0.325	0.46207
0.7	0.325	0.46883
0.725	0.325	0.47486
0.75	0.325	0.48155
0.775	0.325	0.47846
0.8	0.325	0.47975
0.825	0.325	0.48409
0.85	0.325	0.49284
0.875	0.325	0.48567
0.9	0.325	0.4962
0.925	0.325	0.50938
0.95	0.325	0.50997
0.975	0.325	0.50959
1	0.325	0.51018
0.025	0.35	0
0.05	0.35	0
0.075	0.35	0.02261
0.1	0.35	0.06006
0.125	0.35	0.10279
0.15	0.35	0.14608
0.175	0.35	0.1776
0.2	0.35	0.21334
0.225	0.35	0.24766
0.25	0.35	0.2719
0.275	0.35	0.29094
0.3	0.35	0.3121
0.325	0.35	0.3384
0.35	0.35	0.35136
0.375	0.35	0.36522
0.4	0.35	0.37532
0.425	0.35	0.3747
0.45	0.35	0.39275
0.475	0.35	0.39802
0.5	0.35	0.41634
0.525	0.35	0.41746
0.55	0.35	0.43658
0.575	0.35	0.43128
0.6	0.35	0.44401
0.625	0.35	0.4513
0.65	0.35	0.45056
0.675	0.35	0.45191
0.7	0.35	0.45565
0.725	0.35	0.47096
0.75	0.35	0.48145
0.775	0.35	0.48013
0.8	0.35	0.48363
0.825	0.35	0.48165
0.85	0.35	0.48658
0.875	0.35	0.48961
0.9	0.35	0.49325
0.925	0.35	0.49732
0.95	0.35	0.50118
0.975	0.35	0.50826
1	0.35	0.5011
0.025	0.375	0
0.05	0.375	3.84667E-4
0.075	0.375	0.01766
0.1	0.375	0.05695
0.125	0.375	0.09533
0.15	0.375	0.14137
0.175	0.375	0.17534
0.2	0.375	0.20871
0.225	0.375	0.23828
0.25	0.375	0.25368
0.275	0.375	0.2813
0.3	0.375	0.30816
0.325	0.375	0.32562
0.35	0.375	0.33322
0.375	0.375	0.35825
0.4	0.375	0.37652
0.425	0.375	0.36843
0.45	0.375	0.38612
0.475	0.375	0.40146
0.5	0.375	0.4108
0.525	0.375	0.41456
0.55	0.375	0.4261
0.575	0.375	0.42842
0.6	0.375	0.43243
0.625	0.375	0.43651
0.65	0.375	0.44883
0.675	0.375	0.4531
0.7	0.375	0.45077
0.725	0.375	0.46792
0.75	0.375	0.46646
0.775	0.375	0.46363
0.8	0.375	0.47073
0.825	0.375	0.48833
0.85	0.375	0.47732
0.875	0.375	0.49434
0.9	0.375	0.49947
0.925	0.375	0.49663
0.95	0.375	0.50871
0.975	0.375	0.50222
1	0.375	0.50341
0.025	0.4	0
0.05	0.4	2.74667E-4
0.075	0.4	0.0151
0.1	0.4	0.05508
0.125	0.4	0.09168
0.15	0.4	0.13678
0.175	0.4	0.17208
0.2	0.4	0.21254
0.225	0.4	0.23889
0.25	0.4	0.25882
0.275	0.4	0.29014
0.3	0.4	0.31152
0.325	0.4	0.32586
0.35	0.4	0.34938
0.375	0.4	0.34763
0.4	0.4	0.38414
0.425	0.4	0.37983
0.45	0.4	0.39763
0.475	0.4	0.39244
0.5	0.4	0.4055
0.525	0.4	0.40887
0.55	0.4	0.42085
0.575	0.4	0.40867
0.6	0.4	0.43798
0.625	0.4	0.44226
0.65	0.4	0.44129
0.675	0.4	0.4561
0.7	0.4	0.46028
0.725	0.4	0.45947
0.75	0.4	0.47065
0.775	0.4	0.46764
0.8	0.4	0.47567
0.825	0.4	0.47907
0.85	0.4	0.48298
0.875	0.4	0.48437
0.9	0.4	0.48682
0.925	0.4	0.49459
0.95	0.4	0.49722
0.975	0.4	0.50308
1	0.4	0.50285
0.025	0.425	0
0.05	0.425	0
0.075	0.425	0.01211
0.1	0.425	0.05224
0.125	0.425	0.08831
0.15	0.425	0.13516
0.175	0.425	0.17651
0.2	0.425	0.21578
0.225	0.425	0.23756
0.25	0.425	0.26132
0.275	0.425	0.27502
0.3	0.425	0.30578
0.325	0.425	0.31722
0.35	0.425	0.33421
0.375	0.425	0.35239
0.4	0.425	0.35681
0.425	0.425	0.37385
0.45	0.425	0.38357
0.475	0.425	0.39463
0.5	0.425	0.3876
0.525	0.425	0.40944
0.55	0.425	0.41177
0.575	0.425	0.4234
0.6	0.425	0.43169
0.625	0.425	0.44364
0.65	0.425	0.43634
0.675	0.425	0.44453
0.7	0.425	0.45889
0.725	0.425	0.44756
0.75	0.425	0.46721
0.775	0.425	0.46704
0.8	0.425	0.47155
0.825	0.425	0.47925
0.85	0.425	0.48532
0.875	0.425	0.47988
0.9	0.425	0.49182
0.925	0.425	0.49146
0.95	0.425	0.49855
0.975	0.425	0.48808
1	0.425	0.50563
0.025	0.45	0
0.05	0.45	0
0.075	0.45	0.01004
0.1	0.45	0.05018
0.125	0.45	0.08071
0.15	0.45	0.13033
0.175	0.45	0.16919
0.2	0.45	0.20136
0.225	0.45	0.23419
0.25	0.45	0.25164
0.275	0.45	0.28305
0.3	0.45	0.29825
0.325	0.45	0.31746
0.35	0.45	0.33563
0.375	0.45	0.35463
0.4	0.45	0.35363
0.425	0.45	0.36186
0.45	0.45	0.38651
0.475	0.45	0.38592
0.5	0.45	0.40089
0.525	0.45	0.40645
0.55	0.45	0.41253
0.575	0.45	0.42907
0.6	0.45	0.4235
0.625	0.45	0.43628
0.65	0.45	0.44384
0.675	0.45	0.44184
0.7	0.45	0.44203
0.725	0.45	0.45112
0.75	0.45	0.44624
0.775	0.45	0.46765
0.8	0.45	0.4652
0.825	0.45	0.47531
0.85	0.45	0.47614
0.875	0.45	0.48027
0.9	0.45	0.48494
0.925	0.45	0.49089
0.95	0.45	0.48665
0.975	0.45	0.48429
1	0.45	0.49669
0.025	0.475	0
0.05	0.475	1.78333E-4
0.075	0.475	0.00965
0.1	0.475	0.04093
0.125	0.475	0.08275
0.15	0.475	0.13524
0.175	0.475	0.17386
0.2	0.475	0.19011
0.225	0.475	0.22589
0.25	0.475	0.25148
0.275	0.475	0.29515
0.3	0.475	0.29917
0.325	0.475	0.31014
0.35	0.475	0.33705
0.375	0.475	0.34497
0.4	0.475	0.37368
0.425	0.475	0.37298
0.45	0.475	0.37822
0.475	0.475	0.38039
0.5	0.475	0.39658
0.525	0.475	0.39719
0.55	0.475	0.40324
0.575	0.475	0.41619
0.6	0.475	0.42239
0.625	0.475	0.43671
0.65	0.475	0.43773
0.675	0.475	0.43778
0.7	0.475	0.43931
0.725	0.475	0.44995
0.75	0.475	0.46042
0.775	0.475	0.45757
0.8	0.475	0.46409
0.825	0.475	0.47793
0.85	0.475	0.47296
0.875	0.475	0.47544
0.9	0.475	0.48808
0.925	0.475	0.48688
0.95	0.475	0.48957
0.975	0.475	0.48778
1	0.475	0.49489
0.025	0.5	0
0.05	0.5	1.75667E-4
0.075	0.5	0.00803
0.1	0.5	0.04313
0.125	0.5	0.08314
0.15	0.5	0.12076
0.175	0.5	0.16237
0.2	0.5	0.19269
0.225	0.5	0.22633
0.25	0.5	0.25193
0.275	0.5	0.26897
0.3	0.5	0.29269
0.325	0.5	0.31078
0.35	0.5	0.33688
0.375	0.5	0.3351
0.4	0.5	0.35063
0.425	0.5	0.35628
0.45	0.5	0.37791
0.475	0.5	0.38245
0.5	0.5	0.39104
0.525	0.5	0.38849
0.55	0.5	0.40645
0.575	0.5	0.41936
0.6	0.5	0.42054
0.625	0.5	0.42858
0.65	0.5	0.43525
0.675	0.5	0.43846
0.7	0.5	0.44813
0.725	0.5	0.45712
0.75	0.5	0.4564
0.775	0.5	0.45731
0.8	0.5	0.46476
0.825	0.5	0.46717
0.85	0.5	0.47121
0.875	0.5	0.47369
0.9	0.5	0.47899
0.925	0.5	0.48144
0.95	0.5	0.49204
0.975	0.5	0.49448
1	0.5	0.49483
0.025	0.525	0
0.05	0.525	2.92667E-4
0.075	0.525	0.00688
0.1	0.525	0.04499
0.125	0.525	0.08356
0.15	0.525	0.11678
0.175	0.525	0.15717
0.2	0.525	0.20811
0.225	0.525	0.223
0.25	0.525	0.25213
0.275	0.525	0.27086
0.3	0.525	0.28614
0.325	0.525	0.31591
0.35	0.525	0.32689
0.375	0.525	0.33798
0.4	0.525	0.35629
0.425	0.525	0.35966
0.45	0.525	0.36762
0.475	0.525	0.37011
0.5	0.525	0.38871
0.525	0.525	0.40167
0.55	0.525	0.39913
0.575	0.525	0.40529
0.6	0.525	0.41783
0.625	0.525	0.42212
0.65	0.525	0.43346
0.675	0.525	0.43449
0.7	0.525	0.44664
0.725	0.525	0.43896
0.75	0.525	0.45001
0.775	0.525	0.44871
0.8	0.525	0.46306
0.825	0.525	0.47144
0.85	0.525	0.46574
0.875	0.525	0.47701
0.9	0.525	0.47436
0.925	0.525	0.48461
0.95	0.525	0.48196
0.975	0.525	0.49418
1	0.525	0.49933
0.025	0.55	0
0.05	0.55	1.62667E-4
0.075	0.55	0.00484
0.1	0.55	0.04263
0.125	0.55	0.0816
0.15	0.55	0.11994
0.175	0.55	0.15291
0.2	0.55	0.19717
0.225	0.55	0.21743
0.25	0.55	0.24419
0.275	0.55	0.27981
0.3	0.55	0.29091
0.325	0.55	0.31195
0.35	0.55	0.31594
0.375	0.55	0.34128
0.4	0.55	0.34242
0.425	0.55	0.36628
0.45	0.55	0.36695
0.475	0.55	0.38103
0.5	0.55	0.3789
0.525	0.55	0.3865
0.55	0.55	0.40592
0.575	0.55	0.41657
0.6	0.55	0.41542
0.625	0.55	0.41902
0.65	0.55	0.43272
0.675	0.55	0.4377
0.7	0.55	0.43449
0.725	0.55	0.46436
0.75	0.55	0.44611
0.775	0.55	0.4638
0.8	0.55	0.45288
0.825	0.55	0.46498
0.85	0.55	0.47011
0.875	0.55	0.46228
0.9	0.55	0.46494
0.925	0.55	0.47617
0.95	0.55	0.47651
0.975	0.55	0.49229
1	0.55	0.48676
0.025	0.575	0
0.05	0.575	2.67667E-4
0.075	0.575	0.00561
0.1	0.575	0.0275
0.125	0.575	0.0755
0.15	0.575	0.11485
0.175	0.575	0.15065
0.2	0.575	0.18161
0.225	0.575	0.22256
0.25	0.575	0.24916
0.275	0.575	0.26823
0.3	0.575	0.3016
0.325	0.575	0.31308
0.35	0.575	0.30777
0.375	0.575	0.34959
0.4	0.575	0.35424
0.425	0.575	0.35219
0.45	0.575	0.36799
0.475	0.575	0.3714
0.5	0.575	0.39069
0.525	0.575	0.3957
0.55	0.575	0.3941
0.575	0.575	0.40741
0.6	0.575	0.40554
0.625	0.575	0.42476
0.65	0.575	0.42619
0.675	0.575	0.43022
0.7	0.575	0.43848
0.725	0.575	0.43872
0.75	0.575	0.45106
0.775	0.575	0.45702
0.8	0.575	0.45311
0.825	0.575	0.46688
0.85	0.575	0.47062
0.875	0.575	0.46412
0.9	0.575	0.47602
0.925	0.575	0.46894
0.95	0.575	0.48228
0.975	0.575	0.48123
1	0.575	0.48072
0.025	0.6	0
0.05	0.6	0
0.075	0.6	0.00692
0.1	0.6	0.03584
0.125	0.6	0.07868
0.15	0.6	0.11456
0.175	0.6	0.15208
0.2	0.6	0.18287
0.225	0.6	0.21945
0.25	0.6	0.24395
0.275	0.6	0.27007
0.3	0.6	0.29247
0.325	0.6	0.31956
0.35	0.6	0.32019
0.375	0.6	0.32795
0.4	0.6	0.33877
0.425	0.6	0.3505
0.45	0.6	0.36013
0.475	0.6	0.36638
0.5	0.6	0.37809
0.525	0.6	0.39073
0.55	0.6	0.39991
0.575	0.6	0.40089
0.6	0.6	0.41498
0.625	0.6	0.41833
0.65	0.6	0.42725
0.675	0.6	0.42985
0.7	0.6	0.44097
0.725	0.6	0.43558
0.75	0.6	0.44621
0.775	0.6	0.44295
0.8	0.6	0.4563
0.825	0.6	0.46041
0.85	0.6	0.44804
0.875	0.6	0.46871
0.9	0.6	0.47033
0.925	0.6	0.46814
0.95	0.6	0.47053
0.975	0.6	0.47706
1	0.6	0.48066
0.025	0.625	0
0.05	0.625	2.89E-4
0.075	0.625	0.00606
0.1	0.625	0.0308
0.125	0.625	0.06634
0.15	0.625	0.10775
0.175	0.625	0.15565
0.2	0.625	0.18673
0.225	0.625	0.22848
0.25	0.625	0.2399
0.275	0.625	0.25207
0.3	0.625	0.30038
0.325	0.625	0.30123
0.35	0.625	0.32355
0.375	0.625	0.33305
0.4	0.625	0.34392
0.425	0.625	0.34363
0.45	0.625	0.35774
0.475	0.625	0.37115
0.5	0.625	0.37601
0.525	0.625	0.38161
0.55	0.625	0.3989
0.575	0.625	0.40699
0.6	0.625	0.40845
0.625	0.625	0.42249
0.65	0.625	0.4166
0.675	0.625	0.42197
0.7	0.625	0.43687
0.725	0.625	0.42777
0.75	0.625	0.44705
0.775	0.625	0.43297
0.8	0.625	0.45142
0.825	0.625	0.45316
0.85	0.625	0.46456
0.875	0.625	0.45638
0.9	0.625	0.46567
0.925	0.625	0.47562
0.95	0.625	0.47141
0.975	0.625	0.47877
1	0.625	0.47591
0.025	0.65	0
0.05	0.65	0
0.075	0.65	0.00362
0.1	0.65	0.02646
0.125	0.65	0.06705
0.15	0.65	0.10266
0.175	0.65	0.15003
0.2	0.65	0.17065
0.225	0.65	0.20931
0.25	0.65	0.23601
0.275	0.65	0.26063
0.3	0.65	0.27936
0.325	0.65	0.29272
0.35	0.65	0.31877
0.375	0.65	0.32861
0.4	0.65	0.33995
0.425	0.65	0.35415
0.45	0.65	0.35432
0.475	0.65	0.36823
0.5	0.65	0.38314
0.525	0.65	0.38647
0.55	0.65	0.38931
0.575	0.65	0.39182
0.6	0.65	0.40861
0.625	0.65	0.40572
0.65	0.65	0.4202
0.675	0.65	0.42936
0.7	0.65	0.43707
0.725	0.65	0.43498
0.75	0.65	0.44008
0.775	0.65	0.44716
0.8	0.65	0.44863
0.825	0.65	0.45367
0.85	0.65	0.46457
0.875	0.65	0.46522
0.9	0.65	0.47071
0.925	0.65	0.4589
0.95	0.65	0.46931
0.975	0.65	0.47119
1	0.65	0.47217
0.025	0.675	0
0.05	0.675	0
0.075	0.675	0.00242
0.1	0.675	0.02998
0.125	0.675	0.06739
0.15	0.675	0.1085
0.175	0.675	0.14563
0.2	0.675	0.17747
0.225	0.675	0.20168
0.25	0.675	0.24051
0.275	0.675	0.26536
0.3	0.675	0.27508
0.325	0.675	0.29324
0.35	0.675	0.30921
0.375	0.675	0.32125
0.4	0.675	0.32887
0.425	0.675	0.3474
0.45	0.675	0.3455
0.475	0.675	0.36976
0.5	0.675	0.37802
0.525	0.675	0.37721
0.55	0.675	0.39174
0.575	0.675	0.39107
0.6	0.675	0.40607
0.625	0.675	0.40992
0.65	0.675	0.41775
0.675	0.675	0.42637
0.7	0.675	0.42263
0.725	0.675	0.43062
0.75	0.675	0.43938
0.775	0.675	0.43659
0.8	0.675	0.44015
0.825	0.675	0.44553
0.85	0.675	0.44855
0.875	0.675	0.4591
0.9	0.675	0.45399
0.925	0.675	0.45991
0.95	0.675	0.47685
0.975	0.675	0.47553
1	0.675	0.47935
0.025	0.7	0
0.05	0.7	0
0.075	0.7	0.00294
0.1	0.7	0.02649
0.125	0.7	0.06863
0.15	0.7	0.10396
0.175	0.7	0.14515
0.2	0.7	0.16625
0.225	0.7	0.21376
0.25	0.7	0.22424
0.275	0.7	0.25416
0.3	0.7	0.27723
0.325	0.7	0.29277
0.35	0.7	0.29697
0.375	0.7	0.32717
0.4	0.7	0.34512
0.425	0.7	0.35508
0.45	0.7	0.34574
0.475	0.7	0.36496
0.5	0.7	0.36633
0.525	0.7	0.37701
0.55	0.7	0.38081
0.575	0.7	0.39174
0.6	0.7	0.40436
0.625	0.7	0.40366
0.65	0.7	0.41202
0.675	0.7	0.42235
0.7	0.7	0.42355
0.725	0.7	0.4311
0.75	0.7	0.42559
0.775	0.7	0.44747
0.8	0.7	0.43638
0.825	0.7	0.44708
0.85	0.7	0.45237
0.875	0.7	0.46119
0.9	0.7	0.46479
0.925	0.7	0.46764
0.95	0.7	0.46042
0.975	0.7	0.46763
1	0.7	0.47595
0.025	0.725	0
0.05	0.725	0
0.075	0.725	0.00267
0.1	0.725	0.03125
0.125	0.725	0.07558
0.15	0.725	0.10065
0.175	0.725	0.1321
0.2	0.725	0.18554
0.225	0.725	0.19586
0.25	0.725	0.23906
0.275	0.725	0.25292
0.3	0.725	0.28235
0.325	0.725	0.29689
0.35	0.725	0.31582
0.375	0.725	0.33532
0.4	0.725	0.32557
0.425	0.725	0.34728
0.45	0.725	0.34229
0.475	0.725	0.35918
0.5	0.725	0.37287
0.525	0.725	0.38606
0.55	0.725	0.38433
0.575	0.725	0.39868
0.6	0.725	0.39719
0.625	0.725	0.40858
0.65	0.725	0.40496
0.675	0.725	0.4156
0.7	0.725	0.42085
0.725	0.725	0.42817
0.75	0.725	0.43373
0.775	0.725	0.43326
0.8	0.725	0.44215
0.825	0.725	0.45499
0.85	0.725	0.45554
0.875	0.725	0.46205
0.9	0.725	0.45233
0.925	0.725	0.46155
0.95	0.725	0.47236
0.975	0.725	0.47804
1	0.725	0.47317
0.025	0.75	0
0.05	0.75	0
0.075	0.75	0.00495
0.1	0.75	0.0321
0.125	0.75	0.06742
0.15	0.75	0.11199
0.175	0.75	0.13159
0.2	0.75	0.17496
0.225	0.75	0.21019
0.25	0.75	0.22479
0.275	0.75	0.23907
0.3	0.75	0.27302
0.325	0.75	0.28969
0.35	0.75	0.30724
0.375	0.75	0.32387
0.4	0.75	0.33484
0.425	0.75	0.34504
0.45	0.75	0.34826
0.475	0.75	0.35752
0.5	0.75	0.37396
0.525	0.75	0.37299
0.55	0.75	0.3782
0.575	0.75	0.3886
0.6	0.75	0.40509
0.625	0.75	0.40823
0.65	0.75	0.40308
0.675	0.75	0.41311
0.7	0.75	0.42837
0.725	0.75	0.41857
0.75	0.75	0.43469
0.775	0.75	0.42888
0.8	0.75	0.44138
0.825	0.75	0.43333
0.85	0.75	0.44588
0.875	0.75	0.45374
0.9	0.75	0.4501
0.925	0.75	0.45684
0.95	0.75	0.46086
0.975	0.75	0.47183
1	0.75	0.47781
0.025	0.775	0
0.05	0.775	2.65E-4
0.075	0.775	0.00472
0.1	0.775	0.02652
0.125	0.775	0.05739
0.15	0.775	0.10293
0.175	0.775	0.1332
0.2	0.775	0.16874
0.225	0.775	0.20859
0.25	0.775	0.22234
0.275	0.775	0.26115
0.3	0.775	0.26846
0.325	0.775	0.29251
0.35	0.775	0.30806
0.375	0.775	0.31501
0.4	0.775	0.33885
0.425	0.775	0.34703
0.45	0.775	0.35173
0.475	0.775	0.36272
0.5	0.775	0.36614
0.525	0.775	0.37166
0.55	0.775	0.37632
0.575	0.775	0.37318
0.6	0.775	0.39429
0.625	0.775	0.40895
0.65	0.775	0.4078
0.675	0.775	0.41924
0.7	0.775	0.41223
0.725	0.775	0.42928
0.75	0.775	0.42149
0.775	0.775	0.43541
0.8	0.775	0.4376
0.825	0.775	0.44106
0.85	0.775	0.44358
0.875	0.775	0.44138
0.9	0.775	0.44826
0.925	0.775	0.45982
0.95	0.775	0.46162
0.975	0.775	0.46541
1	0.775	0.46546
0.025	0.8	0
0.05	0.8	0
0.075	0.8	0.00358
0.1	0.8	0.02729
0.125	0.8	0.0622
0.15	0.8	0.10015
0.175	0.8	0.12975
0.2	0.8	0.16482
0.225	0.8	0.19524
0.25	0.8	0.22314
0.275	0.8	0.25689
0.3	0.8	0.27354
0.325	0.8	0.29108
0.35	0.8	0.30054
0.375	0.8	0.30795
0.4	0.8	0.32248
0.425	0.8	0.33029
0.45	0.8	0.34075
0.475	0.8	0.35553
0.5	0.8	0.36761
0.525	0.8	0.37082
0.55	0.8	0.37047
0.575	0.8	0.38171
0.6	0.8	0.38769
0.625	0.8	0.40758
0.65	0.8	0.41492
0.675	0.8	0.40511
0.7	0.8	0.41809
0.725	0.8	0.42489
0.75	0.8	0.4246
0.775	0.8	0.42744
0.8	0.8	0.43797
0.825	0.8	0.43758
0.85	0.8	0.44041
0.875	0.8	0.44621
0.9	0.8	0.44178
0.925	0.8	0.452
0.95	0.8	0.45866
0.975	0.8	0.46067
1	0.8	0.46674
0.025	0.825	0
0.05	0.825	0
0.075	0.825	0.00265
0.1	0.825	0.02737
0.125	0.825	0.06567
0.15	0.825	0.09272
0.175	0.825	0.13776
0.2	0.825	0.17497
0.225	0.825	0.19782
0.25	0.825	0.21127
0.275	0.825	0.24322
0.3	0.825	0.26293
0.325	0.825	0.29943
0.35	0.825	0.29551
0.375	0.825	0.30985
0.4	0.825	0.32098
0.425	0.825	0.32658
0.45	0.825	0.34524
0.475	0.825	0.34961
0.5	0.825	0.34673
0.525	0.825	0.36249
0.55	0.825	0.3731
0.575	0.825	0.38667
0.6	0.825	0.39149
0.625	0.825	0.39499
0.65	0.825	0.39998
0.675	0.825	0.40485
0.7	0.825	0.40636
0.725	0.825	0.41935
0.75	0.825	0.43187
0.775	0.825	0.42007
0.8	0.825	0.42962
0.825	0.825	0.43146
0.85	0.825	0.44703
0.875	0.825	0.44028
0.9	0.825	0.44319
0.925	0.825	0.45604
0.95	0.825	0.4618
0.975	0.825	0.44966
1	0.825	0.45287
0.025	0.85	0
0.05	0.85	2.68E-4
0.075	0.85	0.00313
0.1	0.85	0.02842
0.125	0.85	0.05777
0.15	0.85	0.09676
0.175	0.85	0.14478
0.2	0.85	0.16576
0.225	0.85	0.2042
0.25	0.85	0.21737
0.275	0.85	0.25484
0.3	0.85	0.25907
0.325	0.85	0.28006
0.35	0.85	0.29123
0.375	0.85	0.31047
0.4	0.85	0.31377
0.425	0.85	0.32041
0.45	0.85	0.32854
0.475	0.85	0.34937
0.5	0.85	0.34704
0.525	0.85	0.36747
0.55	0.85	0.36835
0.575	0.85	0.38183
0.6	0.85	0.39401
0.625	0.85	0.3997
0.65	0.85	0.38906
0.675	0.85	0.40624
0.7	0.85	0.41136
0.725	0.85	0.42009
0.75	0.85	0.42101
0.775	0.85	0.42064
0.8	0.85	0.42646
0.825	0.85	0.42574
0.85	0.85	0.44157
0.875	0.85	0.45765
0.9	0.85	0.445
0.925	0.85	0.44278
0.95	0.85	0.45067
0.975	0.85	0.47092
1	0.85	0.46462
0.025	0.875	0
0.05	0.875	0
0.075	0.875	0.00427
0.1	0.875	0.02312
0.125	0.875	0.06034
0.15	0.875	0.09619
0.175	0.875	0.13306
0.2	0.875	0.15391
0.225	0.875	0.19407
0.25	0.875	0.22948
0.275	0.875	0.24571
0.3	0.875	0.26775
0.325	0.875	0.2844
0.35	0.875	0.29447
0.375	0.875	0.30673
0.4	0.875	0.3252
0.425	0.875	0.31913
0.45	0.875	0.34029
0.475	0.875	0.34805
0.5	0.875	0.36234
0.525	0.875	0.39014
0.55	0.875	0.36014
0.575	0.875	0.36484
0.6	0.875	0.38712
0.625	0.875	0.38058
0.65	0.875	0.3995
0.675	0.875	0.39351
0.7	0.875	0.3933
0.725	0.875	0.40922
0.75	0.875	0.42264
0.775	0.875	0.41345
0.8	0.875	0.41969
0.825	0.875	0.43453
0.85	0.875	0.43622
0.875	0.875	0.42769
0.9	0.875	0.43907
0.925	0.875	0.43692
0.95	0.875	0.44392
0.975	0.875	0.45667
1	0.875	0.45818
0.025	0.9	0
0.05	0.9	2.49667E-4
0.075	0.9	0.00265
0.1	0.9	0.02179
0.125	0.9	0.05949
0.15	0.9	0.09565
0.175	0.9	0.13152
0.2	0.9	0.16264
0.225	0.9	0.18412
0.25	0.9	0.20674
0.275	0.9	0.2376
0.3	0.9	0.26086
0.325	0.9	0.26639
0.35	0.9	0.29925
0.375	0.9	0.29893
0.4	0.9	0.31538
0.425	0.9	0.32679
0.45	0.9	0.33187
0.475	0.9	0.34592
0.5	0.9	0.34163
0.525	0.9	0.34841
0.55	0.9	0.37008
0.575	0.9	0.38108
0.6	0.9	0.38889
0.625	0.9	0.38957
0.65	0.9	0.38935
0.675	0.9	0.40837
0.7	0.9	0.39982
0.725	0.9	0.41507
0.75	0.9	0.41454
0.775	0.9	0.41679
0.8	0.9	0.43364
0.825	0.9	0.42463
0.85	0.9	0.43153
0.875	0.9	0.43823
0.9	0.9	0.44244
0.925	0.9	0.45231
0.95	0.9	0.4479
0.975	0.9	0.44927
1	0.9	0.44714
0.025	0.925	0
0.05	0.925	6.13333E-5
0.075	0.925	0.00339
0.1	0.925	0.01621
0.125	0.925	0.06129
0.15	0.925	0.08402
0.175	0.925	0.12825
0.2	0.925	0.16305
0.225	0.925	0.1795
0.25	0.925	0.21744
0.275	0.925	0.24483
0.3	0.925	0.25608
0.325	0.925	0.27075
0.35	0.925	0.29519
0.375	0.925	0.29751
0.4	0.925	0.29919
0.425	0.925	0.32716
0.45	0.925	0.32701
0.475	0.925	0.3318
0.5	0.925	0.35041
0.525	0.925	0.35995
0.55	0.925	0.34899
0.575	0.925	0.3732
0.6	0.925	0.38764
0.625	0.925	0.38153
0.65	0.925	0.37759
0.675	0.925	0.3924
0.7	0.925	0.40531
0.725	0.925	0.3975
0.75	0.925	0.42649
0.775	0.925	0.4168
0.8	0.925	0.43045
0.825	0.925	0.41453
0.85	0.925	0.42473
0.875	0.925	0.43287
0.9	0.925	0.44927
0.925	0.925	0.44844
0.95	0.925	0.44246
0.975	0.925	0.44513
1	0.925	0.43212
0.025	0.95	0
0.05	0.95	3.3E-5
0.075	0.95	0.00217
0.1	0.95	0.0241
0.125	0.95	0.06125
0.15	0.95	0.08546
0.175	0.95	0.12044
0.2	0.95	0.14202
0.225	0.95	0.18131
0.25	0.95	0.20775
0.275	0.95	0.23761
0.3	0.95	0.24341
0.325	0.95	0.27434
0.35	0.95	0.28014
0.375	0.95	0.28877
0.4	0.95	0.30326
0.425	0.95	0.31301
0.45	0.95	0.32144
0.475	0.95	0.34333
0.5	0.95	0.35097
0.525	0.95	0.34232
0.55	0.95	0.35125
0.575	0.95	0.36923
0.6	0.95	0.37167
0.625	0.95	0.36866
0.65	0.95	0.38301
0.675	0.95	0.40215
0.7	0.95	0.40356
0.725	0.95	0.39523
0.75	0.95	0.41926
0.775	0.95	0.411
0.8	0.95	0.41993
0.825	0.95	0.42522
0.85	0.95	0.42721
0.875	0.95	0.43108
0.9	0.95	0.42942
0.925	0.95	0.42776
0.95	0.95	0.4404
0.975	0.95	0.44336
1	0.95	0.44227
0.025	0.975	0
0.05	0.975	0
0.075	0.975	0.00396
0.1	0.975	0.02629
0.125	0.975	0.05969
0.15	0.975	0.08595
0.175	0.975	0.12309
0.2	0.975	0.15809
0.225	0.975	0.17293
0.25	0.975	0.19929
0.275	0.975	0.22678
0.3	0.975	0.24738
0.325	0.975	0.26156
0.35	0.975	0.28108
0.375	0.975	0.28751
0.4	0.975	0.29942
0.425	0.975	0.31432
0.45	0.975	0.31746
0.475	0.975	0.33282
0.5	0.975	0.33369
0.525	0.975	0.35167
0.55	0.975	0.34619
0.575	0.975	0.36619
0.6	0.975	0.37226
0.625	0.975	0.37689
0.65	0.975	0.37336
0.675	0.975	0.38175
0.7	0.975	0.38773
0.725	0.975	0.39515
0.75	0.975	0.40065
0.775	0.975	0.40267
0.8	0.975	0.40773
0.825	0.975	0.42357
0.85	0.975	0.42748
0.875	0.975	0.43211
0.9	0.975	0.43038
0.925	0.975	0.43215
0.95	0.975	0.43532
0.975	0.975	0.44052
1	0.975	0.44123
0.025	1	0
0.05	1	0
0.075	1	0.00147
0.1	1	0.02218
0.125	1	0.04722
0.15	1	0.07689
0.175	1	0.10841
0.2	1	0.14303
0.225	1	0.15476
0.25	1	0.17699
0.275	1	0.19716
0.3	1	0.2236
0.325	1	0.23964
0.35	1	0.25093
0.375	1	0.25489
0.4	1	0.27761
0.425	1	0.29226
0.45	1	0.28489
0.475	1	0.2897
0.5	1	0.30613
0.525	1	0.31522
0.55	1	0.30966
0.575	1	0.3252
0.6	1	0.33355
0.625	1	0.3398
0.65	1	0.33773
0.675	1	0.34393
0.7	1	0.34222
0.725	1	0.35466
0.75	1	0.35478
0.775	1	0.36114
0.8	1	0.36207
0.825	1	0.36682
0.85	1	0.38557
0.875	1	0.37389
0.9	1	0.38574
0.925	1	0.40143
0.95	1	0.38584
0.975	1	0.39597
1	1	0.39729