0.025	0.025	0.02687
0.05	0.025	0.18204
0.075	0.025	0.32531
0.1	0.025	0.4238
0.125	0.025	0.4934
0.15	0.025	0.54186
0.175	0.025	0.58128
0.2	0.025	0.61126
0.225	0.025	0.63406
0.25	0.025	0.65425
0.275	0.025	0.66803
0.3	0.025	0.6834
0.325	0.025	0.69464
0.35	0.025	0.7025
0.375	0.025	0.7108
0.4	0.025	0.71454
0.425	0.025	0.72169
0.45	0.025	0.73096
0.475	0.025	0.73234
0.5	0.025	0.73519
0.525	0.025	0.73938
0.55	0.025	0.74279
0.575	0.025	0.74437
0.6	0.025	0.74656
0.625	0.025	0.74896
0.65	0.025	0.75033
0.675	0.025	0.75084
0.7	0.025	0.75328
0.725	0.025	0.75324
0.75	0.025	0.75611
0.775	0.025	0.75889
0.8	0.025	0.75921
0.825	0.025	0.75789
0.85	0.025	0.75974
0.875	0.025	0.76097
0.9	0.025	0.76371
0.925	0.025	0.75922
0.95	0.025	0.76138
0.975	0.025	0.76113
1	0.025	0.76186
0.025	0.05	0.0238
0.05	0.05	0.18328
0.075	0.05	0.31916
0.1	0.05	0.41554
0.125	0.05	0.48692
0.15	0.05	0.5368
0.175	0.05	0.57558
0.2	0.05	0.60734
0.225	0.05	0.63253
0.25	0.05	0.64893
0.275	0.05	0.66681
0.3	0.05	0.67958
0.325	0.05	0.68869
0.35	0.05	0.69996
0.375	0.05	0.70744
0.4	0.05	0.71946
0.425	0.05	0.71974
0.45	0.05	0.72714
0.475	0.05	0.73033
0.5	0.05	0.73605
0.525	0.05	0.73891
0.55	0.05	0.73981
0.575	0.05	0.74209
0.6	0.05	0.7453
0.625	0.05	0.7485
0.65	0.05	0.75111
0.675	0.05	0.75132
0.7	0.05	0.75321
0.725	0.05	0.75215
0.75	0.05	0.75684
0.775	0.05	0.75792
0.8	0.05	0.75811
0.825	0.05	0.75727
0.85	0.05	0.76036
0.875	0.05	0.7608
0.9	0.05	0.75823
0.925	0.05	0.76044
0.95	0.05	0.76101
0.975	0.05	0.75956
1	0.05	0.76302
0.025	0.075	0.02042
0.05	0.075	0.17592
0.075	0.075	0.31352
0.1	0.075	0.40812
0.125	0.075	0.47717
0.15	0.075	0.52974
0.175	0.075	0.56976
0.2	0.075	0.60266
0.225	0.075	0.62431
0.25	0.075	0.64708
0.275	0.075	0.6599
0.3	0.075	0.67666
0.325	0.075	0.68639
0.35	0.075	0.69724
0.375	0.075	0.70593
0.4	0.075	0.71163
0.425	0.075	0.71818
0.45	0.075	0.72424
0.475	0.075	0.72588
0.5	0.075	0.73367
0.525	0.075	0.73456
0.55	0.075	0.73971
0.575	0.075	0.74223
0.6	0.075	0.74438
0.625	0.075	0.7488
0.65	0.075	0.74822
0.675	0.075	0.75008
0.7	0.075	0.75095
0.725	0.075	0.7545
0.75	0.075	0.75627
0.775	0.075	0.75654
0.8	0.075	0.75791
0.825	0.075	0.75671
0.85	0.075	0.75855
0.875	0.075	0.759
0.9	0.075	0.75905
0.925	0.075	0.76042
0.95	0.075	0.76013
0.975	0.075	0.76039
1	0.075	0.76251
0.025	0.1	0.01876
0.05	0.1	0.16811
0.075	0.1	0.3019
0.1	0.1	0.40069
0.125	0.1	0.47021
0.15	0.1	0.52362
0.175	0.1	0.56463
0.2	0.1	0.59763
0.225	0.1	0.6214
0.25	0.1	0.64125
0.275	0.1	0.6598
0.3	0.1	0.67551
0.325	0.1	0.68417
0.35	0.1	0.69352
0.375	0.1	0.70378
0.4	0.1	0.7103
0.425	0.1	0.716
0.45	0.1	0.72281
0.475	0.1	0.72781
0.5	0.1	0.73063
0.525	0.1	0.7366
0.55	0.1	0.73565
0.575	0.1	0.74224
0.6	0.1	0.74358
0.625	0.1	0.7468
0.65	0.1	0.74715
0.675	0.1	0.75088
0.7	0.1	0.75196
0.725	0.1	0.75335
0.75	0.1	0.75562
0.775	0.1	0.75641
0.8	0.1	0.75668
0.825	0.1	0.7582
0.85	0.1	0.75826
0.875	0.1	0.75729
0.9	0.1	0.75793
0.925	0.1	0.75962
0.95	0.1	0.7594
0.975	0.1	0.7618
1	0.1	0.76036
0.025	0.125	0.01597
0.05	0.125	0.16608
0.075	0.125	0.29997
0.1	0.125	0.39402
0.125	0.125	0.46386
0.15	0.125	0.5189
0.175	0.125	0.55692
0.2	0.125	0.5925
0.225	0.125	0.61904
0.25	0.125	0.63482
0.275	0.125	0.65396
0.3	0.125	0.66882
0.325	0.125	0.68001
0.35	0.125	0.69094
0.375	0.125	0.7017
0.4	0.125	0.70668
0.425	0.125	0.71442
0.45	0.125	0.71942
0.475	0.125	0.72383
0.5	0.125	0.72861
0.525	0.125	0.73436
0.55	0.125	0.73765
0.575	0.125	0.74037
0.6	0.125	0.74369
0.625	0.125	0.74591
0.65	0.125	0.7472
0.675	0.125	0.74881
0.7	0.125	0.7506
0.725	0.125	0.75084
0.75	0.125	0.75185
0.775	0.125	0.75643
0.8	0.125	0.75508
0.825	0.125	0.75763
0.85	0.125	0.75572
0.875	0.125	0.75758
0.9	0.125	0.75852
0.925	0.125	0.75986
0.95	0.125	0.76172
0.975	0.125	0.76127
1	0.125	0.76099
0.025	0.15	0.01376
0.05	0.15	0.15647
0.075	0.15	0.28904
0.1	0.15	0.3887
0.125	0.15	0.45892
0.15	0.15	0.51155
0.175	0.15	0.55181
0.2	0.15	0.58549
0.225	0.15	0.61359
0.25	0.15	0.63044
0.275	0.15	0.64782
0.3	0.15	0.66255
0.325	0.15	0.67639
0.35	0.15	0.68699
0.375	0.15	0.69661
0.4	0.15	0.70365
0.425	0.15	0.71055
0.45	0.15	0.72044
0.475	0.15	0.72139
0.5	0.15	0.72808
0.525	0.15	0.7317
0.55	0.15	0.73431
0.575	0.15	0.73618
0.6	0.15	0.73823
0.625	0.15	0.74474
0.65	0.15	0.74796
0.675	0.15	0.74677
0.7	0.15	0.74865
0.725	0.15	0.75164
0.75	0.15	0.75261
0.775	0.15	0.75502
0.8	0.15	0.75486
0.825	0.15	0.75434
0.85	0.15	0.75656
0.875	0.15	0.75745
0.9	0.15	0.75736
0.925	0.15	0.75968
0.95	0.15	0.75911
0.975	0.15	0.76004
1	0.15	0.76089
0.025	0.175	0.01356
0.05	0.175	0.14987
0.075	0.175	0.2811
0.1	0.175	0.38304
0.125	0.175	0.44643
0.15	0.175	0.50259
0.175	0.175	0.54561
0.2	0.175	0.57781
0.225	0.175	0.60545
0.25	0.175	0.627
0.275	0.175	0.64739
0.3	0.175	0.66031
0.325	0.175	0.67383
0.35	0.175	0.68305
0.375	0.175	0.69316
0.4	0.175	0.70185
0.425	0.175	0.70814
0.45	0.175	0.71498
0.475	0.175	0.71836
0.5	0.175	0.72312
0.525	0.175	0.72984
0.55	0.175	0.73095
0.575	0.175	0.73623
0.6	0.175	0.73782
0.625	0.175	0.74051
0.65	0.175	0.74386
0.675	0.175	0.7464
0.7	0.175	0.74931
0.725	0.175	0.75049
0.75	0.175	0.7508
0.775	0.175	0.75167
0.8	0.175	0.75413
0.825	0.175	0.7541
0.85	0.175	0.75431
0.875	0.175	0.75477
0.9	0.175	0.75819
0.925	0.175	0.7576
0.95	0.175	0.7608
0.975	0.175	0.75829
1	0.175	0.75967
0.025	0.2	0.01141
0.05	0.2	0.14895
0.075	0.2	0.2722
0.1	0.2	0.36998
0.125	0.2	0.4407
0.15	0.2	0.49665
0.175	0.2	0.53897
0.2	0.2	0.57281
0.225	0.2	0.59999
0.25	0.2	0.62082
0.275	0.2	0.64119
0.3	0.2	0.65692
0.325	0.2	0.66958
0.35	0.2	0.68043
0.375	0.2	0.69019
0.4	0.2	0.69775
0.425	0.2	0.70709
0.45	0.2	0.7137
0.475	0.2	0.71866
0.5	0.2	0.72161
0.525	0.2	0.72643
0.55	0.2	0.7309
0.575	0.2	0.73407
0.6	0.2	0.73551
0.625	0.2	0.73967
0.65	0.2	0.74381
0.675	0.2	0.74525
0.7	0.2	0.74696
0.725	0.2	0.74816
0.75	0.2	0.75016
0.775	0.2	0.75179
0.8	0.2	0.7528
0.825	0.2	0.75387
0.85	0.2	0.75484
0.875	0.2	0.75784
0.9	0.2	0.7574
0.925	0.2	0.75852
0.95	0.2	0.75876
0.975	0.2	0.75794
1	0.2	0.75927
0.025	0.225	0.00954
0.05	0.225	0.13936
0.075	0.225	0.2683
0.1	0.225	0.35945
0.125	0.225	0.43189
0.15	0.225	0.4892
0.175	0.225	0.53225
0.2	0.225	0.56674
0.225	0.225	0.59453
0.25	0.225	0.61541
0.275	0.225	0.63573
0.3	0.225	0.65146
0.325	0.225	0.66433
0.35	0.225	0.67575
0.375	0.225	0.68522
0.4	0.225	0.69482
0.425	0.225	0.70332
0.45	0.225	0.70655
0.475	0.225	0.71139
0.5	0.225	0.7184
0.525	0.225	0.72516
0.55	0.225	0.72844
0.575	0.225	0.73332
0.6	0.225	0.73633
0.625	0.225	0.73792
0.65	0.225	0.73979
0.675	0.225	0.74221
0.7	0.225	0.74424
0.725	0.225	0.74641
0.75	0.225	0.74831
0.775	0.225	0.74929
0.8	0.225	0.75198
0.825	0.225	0.75384
0.85	0.225	0.75362
0.875	0.225	0.75394
0.9	0.225	0.75594
0.925	0.225	0.7569
0.95	0.225	0.7595
0.975	0.225	0.76006
1	0.225	0.75888
0.025	0.25	0.0075
0.05	0.25	0.1332
0.075	0.25	0.26195
0.1	0.25	0.35202
0.125	0.25	0.42458
0.15	0.25	0.48191
0.175	0.25	0.52484
0.2	0.25	0.55839
0.225	0.25	0.58545
0.25	0.25	0.61183
0.275	0.25	0.62904
0.3	0.25	0.64741
0.325	0.25	0.65939
0.35	0.25	0.67202
0.375	0.25	0.68302
0.4	0.25	0.69161
0.425	0.25	0.69926
0.45	0.25	0.70472
0.475	0.25	0.71097
0.5	0.25	0.7174
0.525	0.25	0.72115
0.55	0.25	0.72721
0.575	0.25	0.73049
0.6	0.25	0.73336
0.625	0.25	0.7344
0.65	0.25	0.73859
0.675	0.25	0.73889
0.7	0.25	0.74272
0.725	0.25	0.74557
0.75	0.25	0.7495
0.775	0.25	0.75007
0.8	0.25	0.7495
0.825	0.25	0.75059
0.85	0.25	0.75271
0.875	0.25	0.75242
0.9	0.25	0.75387
0.925	0.25	0.75515
0.95	0.25	0.75512
0.975	0.25	0.75788
1	0.25	0.75901
0.025	0.275	0.01015
0.05	0.275	0.12798
0.075	0.275	0.2502
0.1	0.275	0.34543
0.125	0.275	0.41926
0.15	0.275	0.47611
0.175	0.275	0.51547
0.2	0.275	0.54964
0.225	0.275	0.58186
0.25	0.275	0.60238
0.275	0.275	0.62549
0.3	0.275	0.63876
0.325	0.275	0.65712
0.35	0.275	0.66551
0.375	0.275	0.67879
0.4	0.275	0.68651
0.425	0.275	0.69489
0.45	0.275	0.70452
0.475	0.275	0.709
0.5	0.275	0.7134
0.525	0.275	0.71821
0.55	0.275	0.72226
0.575	0.275	0.72828
0.6	0.275	0.73189
0.625	0.275	0.7329
0.65	0.275	0.73699
0.675	0.275	0.73845
0.7	0.275	0.74268
0.725	0.275	0.74466
0.75	0.275	0.74687
0.775	0.275	0.74776
0.8	0.275	0.74938
0.825	0.275	0.75047
0.85	0.275	0.75167
0.875	0.275	0.75362
0.9	0.275	0.75397
0.925	0.275	0.75587
0.95	0.275	0.75635
0.975	0.275	0.75833
1	0.275	0.75775
0.025	0.3	0.0044
0.05	0.3	0.12274
0.075	0.3	0.24201
0.1	0.3	0.3378
0.125	0.3	0.40839
0.15	0.3	0.46684
0.175	0.3	0.50823
0.2	0.3	0.5415
0.225	0.3	0.57322
0.25	0.3	0.59515
0.275	0.3	0.61512
0.3	0.3	0.63473
0.325	0.3	0.64835
0.35	0.3	0.66193
0.375	0.3	0.67105
0.4	0.3	0.68351
0.425	0.3	0.69168
0.45	0.3	0.69992
0.475	0.3	0.70522
0.5	0.3	0.70981
0.525	0.3	0.71694
0.55	0.3	0.72184
0.575	0.3	0.72386
0.6	0.3	0.72828
0.625	0.3	0.73039
0.65	0.3	0.73549
0.675	0.3	0.73713
0.7	0.3	0.74025
0.725	0.3	0.73907
0.75	0.3	0.74212
0.775	0.3	0.74621
0.8	0.3	0.74782
0.825	0.3	0.748
0.85	0.3	0.74928
0.875	0.3	0.75184
0.9	0.3	0.75433
0.925	0.3	0.75368
0.95	0.3	0.75469
0.975	0.3	0.75802
1	0.3	0.75743
0.025	0.325	0.00669
0.05	0.325	0.11176
0.075	0.325	0.23102
0.1	0.325	0.32842
0.125	0.325	0.3994
0.15	0.325	0.45474
0.175	0.325	0.5014
0.2	0.325	0.53735
0.225	0.325	0.56383
0.25	0.325	0.5901
0.275	0.325	0.61094
0.3	0.325	0.62678
0.325	0.325	0.64297
0.35	0.325	0.65581
0.375	0.325	0.66741
0.4	0.325	0.67854
0.425	0.325	0.68515
0.45	0.325	0.69563
0.475	0.325	0.70081
0.5	0.325	0.70681
0.525	0.325	0.70901
0.55	0.325	0.71725
0.575	0.325	0.72068
0.6	0.325	0.72471
0.625	0.325	0.72666
0.65	0.325	0.73361
0.675	0.325	0.73559
0.7	0.325	0.73762
0.725	0.325	0.73994
0.75	0.325	0.74281
0.775	0.325	0.74557
0.8	0.325	0.74462
0.825	0.325	0.74907
0.85	0.325	0.74978
0.875	0.325	0.75117
0.9	0.325	0.75209
0.925	0.325	0.75399
0.95	0.325	0.7535
0.975	0.325	0.75517
1	0.325	0.75458
0.025	0.35	0.00631
0.05	0.35	0.10672
0.075	0.35	0.22417
0.1	0.35	0.31836
0.125	0.35	0.38908
0.15	0.35	0.44132
0.175	0.35	0.49019
0.2	0.35	0.52913
0.225	0.35	0.55599
0.25	0.35	0.58256
0.275	0.35	0.60328
0.3	0.35	0.62183
0.325	0.35	0.63546
0.35	0.35	0.65031
0.375	0.35	0.66303
0.4	0.35	0.67179
0.425	0.35	0.68115
0.45	0.35	0.69228
0.475	0.35	0.69563
0.5	0.35	0.70301
0.525	0.35	0.71022
0.55	0.35	0.71435
0.575	0.35	0.71674
0.6	0.35	0.72176
0.625	0.35	0.72447
0.65	0.35	0.72916
0.675	0.35	0.73095
0.7	0.35	0.73598
0.725	0.35	0.7362
0.75	0.35	0.73877
0.775	0.35	0.74173
0.8	0.35	0.74434
0.825	0.35	0.74467
0.85	0.35	0.74821
0.875	0.35	0.74865
0.9	0.35	0.74977
0.925	0.35	0.75019
0.95	0.35	0.75048
0.975	0.35	0.75375
1	0.35	0.75342
0.025	0.375	0.00453
0.05	0.375	0.10583
0.075	0.375	0.21548
0.1	0.375	0.30648
0.125	0.375	0.37648
0.15	0.375	0.43725
0.175	0.375	0.48132
0.2	0.375	0.51972
0.225	0.375	0.54602
0.25	0.375	0.57293
0.275	0.375	0.59595
0.3	0.375	0.61336
0.325	0.375	0.63183
0.35	0.375	0.6456
0.375	0.375	0.65506
0.4	0.375	0.66668
0.425	0.375	0.67401
0.45	0.375	0.68372
0.475	0.375	0.69125
0.5	0.375	0.69883
0.525	0.375	0.70276
0.55	0.375	0.7086
0.575	0.375	0.71147
0.6	0.375	0.71721
0.625	0.375	0.72074
0.65	0.375	0.7248
0.675	0.375	0.73008
0.7	0.375	0.73151
0.725	0.375	0.73432
0.75	0.375	0.73726
0.775	0.375	0.73834
0.8	0.375	0.74174
0.825	0.375	0.74496
0.85	0.375	0.74573
0.875	0.375	0.74741
0.9	0.375	0.74728
0.925	0.375	0.74885
0.95	0.375	0.75309
0.975	0.375	0.7532
1	0.375	0.75204
0.025	0.4	0.00346
0.05	0.4	0.09638
0.075	0.4	0.2061
0.1	0.4	0.29706
0.125	0.4	0.3671
0.15	0.4	0.42582
0.175	0.4	0.47308
0.2	0.4	0.50836
0.225	0.4	0.53869
0.25	0.4	0.56377
0.275	0.4	0.58618
0.3	0.4	0.60705
0.325	0.4	0.62214
0.35	0.4	0.63706
0.375	0.4	0.64983
0.4	0.4	0.66126
0.425	0.4	0.67147
0.45	0.4	0.67941
0.475	0.4	0.68527
0.5	0.4	0.69368
0.525	0.4	0.70147
0.55	0.4	0.70302
0.575	0.4	0.70954
0.6	0.4	0.71369
0.625	0.4	0.71827
0.65	0.4	0.72249
0.675	0.4	0.72748
0.7	0.4	0.73047
0.725	0.4	0.73342
0.75	0.4	0.73466
0.775	0.4	0.7382
0.8	0.4	0.73902
0.825	0.4	0.74242
0.85	0.4	0.74435
0.875	0.4	0.74435
0.9	0.4	0.74658
0.925	0.4	0.74569
0.95	0.4	0.74942
0.975	0.4	0.75167
1	0.4	0.75182
0.025	0.425	0.00263
0.05	0.425	0.08794
0.075	0.425	0.19941
0.1	0.425	0.28659
0.125	0.425	0.36182
0.15	0.425	0.41814
0.175	0.425	0.46367
0.2	0.425	0.49733
0.225	0.425	0.53059
0.25	0.425	0.55348
0.275	0.425	0.57996
0.3	0.425	0.59656
0.325	0.425	0.61707
0.35	0.425	0.62957
0.375	0.425	0.64359
0.4	0.425	0.65433
0.425	0.425	0.66377
0.45	0.425	0.67393
0.475	0.425	0.6819
0.5	0.425	0.68701
0.525	0.425	0.69198
0.55	0.425	0.70075
0.575	0.425	0.70555
0.6	0.425	0.71116
0.625	0.425	0.71421
0.65	0.425	0.71868
0.675	0.425	0.72061
0.7	0.425	0.72475
0.725	0.425	0.72926
0.75	0.425	0.73202
0.775	0.425	0.73632
0.8	0.425	0.7375
0.825	0.425	0.73778
0.85	0.425	0.7434
0.875	0.425	0.74371
0.9	0.425	0.74255
0.925	0.425	0.74846
0.95	0.425	0.74638
0.975	0.425	0.74991
1	0.425	0.75192
0.025	0.45	0.00265
0.05	0.45	0.08674
0.075	0.45	0.18815
0.1	0.45	0.27851
0.125	0.45	0.34799
0.15	0.45	0.40538
0.175	0.45	0.44724
0.2	0.45	0.48769
0.225	0.45	0.52023
0.25	0.45	0.54633
0.275	0.45	0.57243
0.3	0.45	0.58923
0.325	0.45	0.60763
0.35	0.45	0.62411
0.375	0.45	0.63726
0.4	0.45	0.64832
0.425	0.45	0.65743
0.45	0.45	0.6668
0.475	0.45	0.67513
0.5	0.45	0.68187
0.525	0.45	0.68891
0.55	0.45	0.69546
0.575	0.45	0.6992
0.6	0.45	0.70696
0.625	0.45	0.71224
0.65	0.45	0.71568
0.675	0.45	0.71909
0.7	0.45	0.72281
0.725	0.45	0.72654
0.75	0.45	0.72883
0.775	0.45	0.73087
0.8	0.45	0.73444
0.825	0.45	0.73618
0.85	0.45	0.73849
0.875	0.45	0.73929
0.9	0.45	0.74109
0.925	0.45	0.74436
0.95	0.45	0.74649
0.975	0.45	0.74664
1	0.45	0.74847
0.025	0.475	0.00243
0.05	0.475	0.07731
0.075	0.475	0.18179
0.1	0.475	0.26582
0.125	0.475	0.33666
0.15	0.475	0.39095
0.175	0.475	0.44229
0.2	0.475	0.47753
0.225	0.475	0.50999
0.25	0.475	0.53684
0.275	0.475	0.5618
0.3	0.475	0.58024
0.325	0.475	0.59728
0.35	0.475	0.61302
0.375	0.475	0.62884
0.4	0.475	0.63776
0.425	0.475	0.64923
0.45	0.475	0.66261
0.475	0.475	0.66858
0.5	0.475	0.67923
0.525	0.475	0.68363
0.55	0.475	0.69003
0.575	0.475	0.69538
0.6	0.475	0.70126
0.625	0.475	0.70617
0.65	0.475	0.71179
0.675	0.475	0.71392
0.7	0.475	0.71806
0.725	0.475	0.72288
0.75	0.475	0.72487
0.775	0.475	0.72732
0.8	0.475	0.73014
0.825	0.475	0.73251
0.85	0.475	0.73526
0.875	0.475	0.73791
0.9	0.475	0.7386
0.925	0.475	0.7404
0.95	0.475	0.74027
0.975	0.475	0.74256
1	0.475	0.74661
0.025	0.5	0.00142
0.05	0.5	0.06816
0.075	0.5	0.16599
0.1	0.5	0.25397
0.125	0.5	0.32642
0.15	0.5	0.37843
0.175	0.5	0.42561
0.2	0.5	0.46644
0.225	0.5	0.49755
0.25	0.5	0.52394
0.275	0.5	0.55144
0.3	0.5	0.57254
0.325	0.5	0.5891
0.35	0.5	0.6053
0.375	0.5	0.62079
0.4	0.5	0.63115
0.425	0.5	0.64029
0.45	0.5	0.65305
0.475	0.5	0.66252
0.5	0.5	0.6699
0.525	0.5	0.67762
0.55	0.5	0.68347
0.575	0.5	0.69047
0.6	0.5	0.69596
0.625	0.5	0.7031
0.65	0.5	0.70399
0.675	0.5	0.70987
0.7	0.5	0.71379
0.725	0.5	0.71737
0.75	0.5	0.71931
0.775	0.5	0.72488
0.8	0.5	0.72667
0.825	0.5	0.72918
0.85	0.5	0.73235
0.875	0.5	0.73555
0.9	0.5	0.73608
0.925	0.5	0.73735
0.95	0.5	0.74051
0.975	0.5	0.7405
1	0.5	0.74383
0.025	0.525	0.00172
0.05	0.525	0.06557
0.075	0.525	0.15948
0.1	0.525	0.24323
0.125	0.525	0.31118
0.15	0.525	0.36913
0.175	0.525	0.41399
0.2	0.525	0.45086
0.225	0.525	0.48492
0.25	0.525	0.51403
0.275	0.525	0.53768
0.3	0.525	0.55923
0.325	0.525	0.57758
0.35	0.525	0.59764
0.375	0.525	0.61039
0.4	0.525	0.62388
0.425	0.525	0.63423
0.45	0.525	0.6451
0.475	0.525	0.65553
0.5	0.525	0.66283
0.525	0.525	0.67265
0.55	0.525	0.67822
0.575	0.525	0.68398
0.6	0.525	0.68977
0.625	0.525	0.69581
0.65	0.525	0.69978
0.675	0.525	0.70382
0.7	0.525	0.70893
0.725	0.525	0.7128
0.75	0.525	0.71651
0.775	0.525	0.72069
0.8	0.525	0.72337
0.825	0.525	0.72381
0.85	0.525	0.72706
0.875	0.525	0.72992
0.9	0.525	0.73301
0.925	0.525	0.73474
0.95	0.525	0.73536
0.975	0.525	0.73723
1	0.525	0.74061
0.025	0.55	0.00103
0.05	0.55	0.05752
0.075	0.55	0.15102
0.1	0.55	0.23595
0.125	0.55	0.29726
0.15	0.55	0.3581
0.175	0.55	0.40041
0.2	0.55	0.43994
0.225	0.55	0.47678
0.25	0.55	0.50217
0.275	0.55	0.52726
0.3	0.55	0.54696
0.325	0.55	0.56879
0.35	0.55	0.5832
0.375	0.55	0.59946
0.4	0.55	0.61164
0.425	0.55	0.62632
0.45	0.55	0.63554
0.475	0.55	0.64446
0.5	0.55	0.65372
0.525	0.55	0.66225
0.55	0.55	0.67108
0.575	0.55	0.67407
0.6	0.55	0.68314
0.625	0.55	0.68816
0.65	0.55	0.69474
0.675	0.55	0.69826
0.7	0.55	0.705
0.725	0.55	0.70513
0.75	0.55	0.70899
0.775	0.55	0.71368
0.8	0.55	0.7178
0.825	0.55	0.71859
0.85	0.55	0.72544
0.875	0.55	0.72454
0.9	0.55	0.73031
0.925	0.55	0.72952
0.95	0.55	0.73267
0.975	0.55	0.73613
1	0.55	0.73775
0.025	0.575	7.89667E-4
0.05	0.575	0.05056
0.075	0.575	0.13998
0.1	0.575	0.22059
0.125	0.575	0.28625
0.15	0.575	0.34348
0.175	0.575	0.38467
0.2	0.575	0.42737
0.225	0.575	0.46051
0.25	0.575	0.48686
0.275	0.575	0.51409
0.3	0.575	0.53576
0.325	0.575	0.55543
0.35	0.575	0.57339
0.375	0.575	0.5878
0.4	0.575	0.60443
0.425	0.575	0.61476
0.45	0.575	0.62549
0.475	0.575	0.63641
0.5	0.575	0.6457
0.525	0.575	0.65625
0.55	0.575	0.66049
0.575	0.575	0.6683
0.6	0.575	0.67572
0.625	0.575	0.67755
0.65	0.575	0.68677
0.675	0.575	0.69094
0.7	0.575	0.69534
0.725	0.575	0.70158
0.75	0.575	0.70401
0.775	0.575	0.70963
0.8	0.575	0.71145
0.825	0.575	0.71512
0.85	0.575	0.71773
0.875	0.575	0.71886
0.9	0.575	0.7211
0.925	0.575	0.72643
0.95	0.575	0.72878
0.975	0.575	0.73078
1	0.575	0.7323
0.025	0.6	9.65333E-4
0.05	0.6	0.04572
0.075	0.6	0.13096
0.1	0.6	0.20878
0.125	0.6	0.27215
0.15	0.6	0.32738
0.175	0.6	0.37246
0.2	0.6	0.41113
0.225	0.6	0.44514
0.25	0.6	0.47455
0.275	0.6	0.50039
0.3	0.6	0.52108
0.325	0.6	0.54173
0.35	0.6	0.56003
0.375	0.6	0.57782
0.4	0.6	0.59124
0.425	0.6	0.60193
0.45	0.6	0.61439
0.475	0.6	0.62491
0.5	0.6	0.63361
0.525	0.6	0.64313
0.55	0.6	0.65219
0.575	0.6	0.65932
0.6	0.6	0.66666
0.625	0.6	0.67052
0.65	0.6	0.67901
0.675	0.6	0.68588
0.7	0.6	0.69101
0.725	0.6	0.69376
0.75	0.6	0.70052
0.775	0.6	0.70244
0.8	0.6	0.7044
0.825	0.6	0.7107
0.85	0.6	0.71126
0.875	0.6	0.7149
0.9	0.6	0.71592
0.925	0.6	0.71982
0.95	0.6	0.72292
0.975	0.6	0.72636
1	0.6	0.72847
0.025	0.625	6.43333E-4
0.05	0.625	0.03669
0.075	0.625	0.12509
0.1	0.625	0.19522
0.125	0.625	0.2556
0.15	0.625	0.30953
0.175	0.625	0.35545
0.2	0.625	0.39652
0.225	0.625	0.42999
0.25	0.625	0.45972
0.275	0.625	0.48337
0.3	0.625	0.5058
0.325	0.625	0.52821
0.35	0.625	0.54633
0.375	0.625	0.56347
0.4	0.625	0.57942
0.425	0.625	0.59137
0.45	0.625	0.60226
0.475	0.625	0.61545
0.5	0.625	0.62298
0.525	0.625	0.63096
0.55	0.625	0.64223
0.575	0.625	0.64926
0.6	0.625	0.65699
0.625	0.625	0.66351
0.65	0.625	0.66834
0.675	0.625	0.6736
0.7	0.625	0.68011
0.725	0.625	0.68716
0.75	0.625	0.68941
0.775	0.625	0.69385
0.8	0.625	0.69845
0.825	0.625	0.70161
0.85	0.625	0.70637
0.875	0.625	0.70667
0.9	0.625	0.70982
0.925	0.625	0.71495
0.95	0.625	0.71765
0.975	0.625	0.72007
1	0.625	0.72193
0.025	0.65	1.67667E-4
0.05	0.65	0.03459
0.075	0.65	0.11079
0.1	0.65	0.18068
0.125	0.65	0.24286
0.15	0.65	0.29265
0.175	0.65	0.33868
0.2	0.65	0.37914
0.225	0.65	0.41169
0.25	0.65	0.44142
0.275	0.65	0.46873
0.3	0.65	0.49508
0.325	0.65	0.51265
0.35	0.65	0.53092
0.375	0.65	0.55127
0.4	0.65	0.56346
0.425	0.65	0.57802
0.45	0.65	0.59039
0.475	0.65	0.60184
0.5	0.65	0.61331
0.525	0.65	0.62304
0.55	0.65	0.62965
0.575	0.65	0.63719
0.6	0.65	0.64544
0.625	0.65	0.65223
0.65	0.65	0.66089
0.675	0.65	0.66672
0.7	0.65	0.67137
0.725	0.65	0.67575
0.75	0.65	0.68055
0.775	0.65	0.68403
0.8	0.65	0.69018
0.825	0.65	0.69335
0.85	0.65	0.69646
0.875	0.65	0.69939
0.9	0.65	0.70275
0.925	0.65	0.70774
0.95	0.65	0.70908
0.975	0.65	0.7142
1	0.65	0.71554
0.025	0.675	6.22333E-4
0.05	0.675	0.02985
0.075	0.675	0.10332
0.1	0.675	0.17092
0.125	0.675	0.2261
0.15	0.675	0.278
0.175	0.675	0.32209
0.2	0.675	0.36119
0.225	0.675	0.39382
0.25	0.675	0.4265
0.275	0.675	0.4523
0.3	0.675	0.478
0.325	0.675	0.49787
0.35	0.675	0.5149
0.375	0.675	0.53401
0.4	0.675	0.54942
0.425	0.675	0.56097
0.45	0.675	0.57373
0.475	0.675	0.58695
0.5	0.675	0.59865
0.525	0.675	0.60928
0.55	0.675	0.61811
0.575	0.675	0.62612
0.6	0.675	0.63337
0.625	0.675	0.63777
0.65	0.675	0.64916
0.675	0.675	0.65282
0.7	0.675	0.66031
0.725	0.675	0.66711
0.75	0.675	0.66979
0.775	0.675	0.6756
0.8	0.675	0.68108
0.825	0.675	0.68427
0.85	0.675	0.688
0.875	0.675	0.69083
0.9	0.675	0.69456
0.925	0.675	0.69751
0.95	0.675	0.70437
0.975	0.675	0.70615
1	0.675	0.70985
0.025	0.7	3.54333E-4
0.05	0.7	0.0238
0.075	0.7	0.09169
0.1	0.7	0.15833
0.125	0.7	0.21448
0.15	0.7	0.26202
0.175	0.7	0.30316
0.2	0.7	0.34287
0.225	0.7	0.37545
0.25	0.7	0.40266
0.275	0.7	0.43359
0.3	0.7	0.45838
0.325	0.7	0.47766
0.35	0.7	0.49949
0.375	0.7	0.51431
0.4	0.7	0.53134
0.425	0.7	0.54637
0.45	0.7	0.55997
0.475	0.7	0.5717
0.5	0.7	0.58316
0.525	0.7	0.59397
0.55	0.7	0.6036
0.575	0.7	0.61125
0.6	0.7	0.61957
0.625	0.7	0.62853
0.65	0.7	0.63425
0.675	0.7	0.6436
0.7	0.7	0.64803
0.725	0.7	0.65595
0.75	0.7	0.65548
0.775	0.7	0.66642
0.8	0.7	0.67079
0.825	0.7	0.67142
0.85	0.7	0.67863
0.875	0.7	0.68225
0.9	0.7	0.68474
0.925	0.7	0.6896
0.95	0.7	0.6936
0.975	0.7	0.69554
1	0.7	0.70208
0.025	0.725	6.23333E-5
0.05	0.725	0.01912
0.075	0.725	0.08185
0.1	0.725	0.14291
0.125	0.725	0.19798
0.15	0.725	0.24589
0.175	0.725	0.28568
0.2	0.725	0.32123
0.225	0.725	0.35432
0.25	0.725	0.38557
0.275	0.725	0.41094
0.3	0.725	0.43584
0.325	0.725	0.45797
0.35	0.725	0.47841
0.375	0.725	0.49462
0.4	0.725	0.51188
0.425	0.725	0.52669
0.45	0.725	0.53947
0.475	0.725	0.55156
0.5	0.725	0.56332
0.525	0.725	0.57691
0.55	0.725	0.58513
0.575	0.725	0.59483
0.6	0.725	0.60092
0.625	0.725	0.61316
0.65	0.725	0.62004
0.675	0.725	0.62963
0.7	0.725	0.63247
0.725	0.725	0.63949
0.75	0.725	0.64763
0.775	0.725	0.65188
0.8	0.725	0.65628
0.825	0.725	0.66217
0.85	0.725	0.6674
0.875	0.725	0.67057
0.9	0.725	0.67479
0.925	0.725	0.67834
0.95	0.725	0.68268
0.975	0.725	0.68472
1	0.725	0.68944
0.025	0.75	4.03333E-5
0.05	0.75	0.01616
0.075	0.75	0.07285
0.1	0.75	0.12755
0.125	0.75	0.18048
0.15	0.75	0.22413
0.175	0.75	0.26538
0.2	0.75	0.29853
0.225	0.75	0.33617
0.25	0.75	0.36251
0.275	0.75	0.38893
0.3	0.75	0.41321
0.325	0.75	0.43456
0.35	0.75	0.45774
0.375	0.75	0.4748
0.4	0.75	0.49106
0.425	0.75	0.50424
0.45	0.75	0.52063
0.475	0.75	0.53042
0.5	0.75	0.54602
0.525	0.75	0.55508
0.55	0.75	0.56804
0.575	0.75	0.57556
0.6	0.75	0.58493
0.625	0.75	0.59382
0.65	0.75	0.60121
0.675	0.75	0.60684
0.7	0.75	0.61673
0.725	0.75	0.62311
0.75	0.75	0.62949
0.775	0.75	0.6351
0.8	0.75	0.63801
0.825	0.75	0.64622
0.85	0.75	0.65334
0.875	0.75	0.65771
0.9	0.75	0.66399
0.925	0.75	0.66305
0.95	0.75	0.67039
0.975	0.75	0.6732
1	0.75	0.67626
0.025	0.775	0
0.05	0.775	0.01302
0.075	0.775	0.06499
0.1	0.775	0.11709
0.125	0.775	0.16121
0.15	0.775	0.2038
0.175	0.775	0.24626
0.2	0.775	0.27821
0.225	0.775	0.31142
0.25	0.775	0.341
0.275	0.775	0.3628
0.3	0.775	0.38816
0.325	0.775	0.40998
0.35	0.775	0.43222
0.375	0.775	0.45083
0.4	0.775	0.4671
0.425	0.775	0.48008
0.45	0.775	0.49294
0.475	0.775	0.50728
0.5	0.775	0.52392
0.525	0.775	0.53316
0.55	0.775	0.54383
0.575	0.775	0.55446
0.6	0.775	0.5642
0.625	0.775	0.56973
0.65	0.775	0.5782
0.675	0.775	0.58779
0.7	0.775	0.59671
0.725	0.775	0.60481
0.75	0.775	0.61303
0.775	0.775	0.61583
0.8	0.775	0.62172
0.825	0.775	0.62936
0.85	0.775	0.63531
0.875	0.775	0.64118
0.9	0.775	0.64497
0.925	0.775	0.64877
0.95	0.775	0.65421
0.975	0.775	0.65892
1	0.775	0.66208
0.025	0.8	1.56667E-5
0.05	0.8	0.00998
0.075	0.8	0.05114
0.1	0.8	0.10094
0.125	0.8	0.14848
0.15	0.8	0.18633
0.175	0.8	0.22348
0.2	0.8	0.25664
0.225	0.8	0.28941
0.25	0.8	0.31164
0.275	0.8	0.33923
0.3	0.8	0.36234
0.325	0.8	0.38303
0.35	0.8	0.40187
0.375	0.8	0.42094
0.4	0.8	0.43846
0.425	0.8	0.45301
0.45	0.8	0.46749
0.475	0.8	0.48008
0.5	0.8	0.49415
0.525	0.8	0.50741
0.55	0.8	0.51904
0.575	0.8	0.52884
0.6	0.8	0.54118
0.625	0.8	0.54821
0.65	0.8	0.55925
0.675	0.8	0.56883
0.7	0.8	0.57543
0.725	0.8	0.58381
0.75	0.8	0.58806
0.775	0.8	0.59586
0.8	0.8	0.60062
0.825	0.8	0.6092
0.85	0.8	0.61366
0.875	0.8	0.61882
0.9	0.8	0.62438
0.925	0.8	0.63161
0.95	0.8	0.6328
0.975	0.8	0.63856
1	0.8	0.64426
0.025	0.825	0
0.05	0.825	0.00763
0.075	0.825	0.04264
0.1	0.825	0.09198
0.125	0.825	0.12761
0.15	0.825	0.16732
0.175	0.825	0.19833
0.2	0.825	0.22971
0.225	0.825	0.25782
0.25	0.825	0.2858
0.275	0.825	0.30893
0.3	0.825	0.33148
0.325	0.825	0.35262
0.35	0.825	0.37006
0.375	0.825	0.39115
0.4	0.825	0.40597
0.425	0.825	0.42497
0.45	0.825	0.43719
0.475	0.825	0.45276
0.5	0.825	0.46494
0.525	0.825	0.47793
0.55	0.825	0.48831
0.575	0.825	0.50069
0.6	0.825	0.5115
0.625	0.825	0.5193
0.65	0.825	0.52592
0.675	0.825	0.53867
0.7	0.825	0.5457
0.725	0.825	0.55102
0.75	0.825	0.55767
0.775	0.825	0.5694
0.8	0.825	0.57659
0.825	0.825	0.58345
0.85	0.825	0.58824
0.875	0.825	0.59154
0.9	0.825	0.6014
0.925	0.825	0.60364
0.95	0.825	0.60956
0.975	0.825	0.61359
1	0.825	0.62071
0.025	0.85	0
0.05	0.85	0.00379
0.075	0.85	0.03402
0.1	0.85	0.07552
0.125	0.85	0.1124
0.15	0.85	0.14825
0.175	0.85	0.17766
0.2	0.85	0.20685
0.225	0.85	0.23269
0.25	0.85	0.25809
0.275	0.85	0.28187
0.3	0.85	0.2984
0.325	0.85	0.3209
0.35	0.85	0.33655
0.375	0.85	0.35728
0.4	0.85	0.37168
0.425	0.85	0.39086
0.45	0.85	0.40108
0.475	0.85	0.41668
0.5	0.85	0.43045
0.525	0.85	0.44195
0.55	0.85	0.45524
0.575	0.85	0.46415
0.6	0.85	0.47455
0.625	0.85	0.48636
0.65	0.85	0.49332
0.675	0.85	0.50363
0.7	0.85	0.51022
0.725	0.85	0.52033
0.75	0.85	0.52663
0.775	0.85	0.53739
0.8	0.85	0.54256
0.825	0.85	0.55027
0.85	0.85	0.5575
0.875	0.85	0.5625
0.9	0.85	0.56724
0.925	0.85	0.57523
0.95	0.85	0.58097
0.975	0.85	0.5868
1	0.85	0.59026
0.025	0.875	0
0.05	0.875	0.00395
0.075	0.875	0.02985
0.1	0.875	0.06461
0.125	0.875	0.09818
0.15	0.875	0.13235
0.175	0.875	0.15483
0.2	0.875	0.17981
0.225	0.875	0.20336
0.25	0.875	0.22311
0.275	0.875	0.24494
0.3	0.875	0.26525
0.325	0.875	0.28373
0.35	0.875	0.30148
0.375	0.875	0.31893
0.4	0.875	0.33185
0.425	0.875	0.34658
0.45	0.875	0.36201
0.475	0.875	0.37569
0.5	0.875	0.38747
0.525	0.875	0.39996
0.55	0.875	0.40998
0.575	0.875	0.42484
0.6	0.875	0.43252
0.625	0.875	0.44465
0.65	0.875	0.45482
0.675	0.875	0.46355
0.7	0.875	0.47212
0.725	0.875	0.48047
0.75	0.875	0.4889
0.775	0.875	0.49628
0.8	0.875	0.50297
0.825	0.875	0.51153
0.85	0.875	0.51503
0.875	0.875	0.52427
0.9	0.875	0.53444
0.925	0.875	0.53596
0.95	0.875	0.54211
0.975	0.875	0.55079
1	0.875	0.55327
0.025	0.9	0
0.05	0.9	0.00226
0.075	0.9	0.02334
0.1	0.9	0.04911
0.125	0.9	0.08221
0.15	0.9	0.10527
0.175	0.9	0.13097
0.2	0.9	0.15345
0.225	0.9	0.17569
0.25	0.9	0.19298
0.275	0.9	0.21203
0.3	0.9	0.22847
0.325	0.9	0.24509
0.35	0.9	0.25784
0.375	0.9	0.2736
0.4	0.9	0.29002
0.425	0.9	0.30305
0.45	0.9	0.31568
0.475	0.9	0.32844
0.5	0.9	0.34359
0.525	0.9	0.35206
0.55	0.9	0.36488
0.575	0.9	0.376
0.6	0.9	0.38509
0.625	0.9	0.39345
0.65	0.9	0.4037
0.675	0.9	0.41287
0.7	0.9	0.42026
0.725	0.9	0.43038
0.75	0.9	0.43639
0.775	0.9	0.44612
0.8	0.9	0.45365
0.825	0.9	0.46206
0.85	0.9	0.46792
0.875	0.9	0.47728
0.9	0.9	0.48227
0.925	0.9	0.48908
0.95	0.9	0.49463
0.975	0.9	0.50211
1	0.9	0.5048
0.025	0.925	0
0.05	0.925	0.00156
0.075	0.925	0.01466
0.1	0.925	0.03815
0.125	0.925	0.06556
0.15	0.925	0.08997
0.175	0.925	0.11051
0.2	0.925	0.12667
0.225	0.925	0.14524
0.25	0.925	0.16337
0.275	0.925	0.17644
0.3	0.925	0.18814
0.325	0.925	0.20237
0.35	0.925	0.2185
0.375	0.925	0.23062
0.4	0.925	0.24267
0.425	0.925	0.25441
0.45	0.925	0.26288
0.475	0.925	0.27435
0.5	0.925	0.28807
0.525	0.925	0.29526
0.55	0.925	0.3051
0.575	0.925	0.31744
0.6	0.925	0.32332
0.625	0.925	0.33368
0.65	0.925	0.34439
0.675	0.925	0.35213
0.7	0.925	0.36013
0.725	0.925	0.36814
0.75	0.925	0.37266
0.775	0.925	0.38318
0.8	0.925	0.39025
0.825	0.925	0.39961
0.85	0.925	0.40408
0.875	0.925	0.41018
0.9	0.925	0.41792
0.925	0.925	0.4253
0.95	0.925	0.4293
0.975	0.925	0.43674
1	0.925	0.44108
0.025	0.95	0
0.05	0.95	0.00108
0.075	0.95	0.01017
0.1	0.95	0.03266
0.125	0.95	0.05355
0.15	0.95	0.07116
0.175	0.95	0.0881
0.2	0.95	0.10417
0.225	0.95	0.11733
0.25	0.95	0.13093
0.275	0.95	0.14193
0.3	0.95	0.15199
0.325	0.95	0.16153
0.35	0.95	0.17108
0.375	0.95	0.182
0.4	0.95	0.19112
0.425	0.95	0.20052
0.45	0.95	0.2083
0.475	0.95	0.2167
0.5	0.95	0.22719
0.525	0.95	0.23513
0.55	0.95	0.24242
0.575	0.95	0.25027
0.6	0.95	0.25762
0.625	0.95	0.26359
0.65	0.95	0.27336
0.675	0.95	0.27716
0.7	0.95	0.28532
0.725	0.95	0.29311
0.75	0.95	0.29988
0.775	0.95	0.30785
0.8	0.95	0.3132
0.825	0.95	0.32014
0.85	0.95	0.32302
0.875	0.95	0.32951
0.9	0.95	0.33345
0.925	0.95	0.34145
0.95	0.95	0.3475
0.975	0.95	0.35203
1	0.95	0.35793
0.025	0.975	0
0.05	0.975	3.59333E-4
0.075	0.975	0.00591
0.1	0.975	0.02102
0.125	0.975	0.03909
0.15	0.975	0.05427
0.175	0.975	0.06435
0.2	0.975	0.08178
0.225	0.975	0.09148
0.25	0.975	0.10058
0.275	0.975	0.10873
0.3	0.975	0.11473
0.325	0.975	0.12275
0.35	0.975	0.13049
0.375	0.975	0.13687
0.4	0.975	0.14201
0.425	0.975	0.14802
0.45	0.975	0.15486
0.475	0.975	0.16093
0.5	0.975	0.16361
0.525	0.975	0.16879
0.55	0.975	0.17526
0.575	0.975	0.18026
0.6	0.975	0.18179
0.625	0.975	0.18932
0.65	0.975	0.19161
0.675	0.975	0.19943
0.7	0.975	0.20067
0.725	0.975	0.2057
0.75	0.975	0.21035
0.775	0.975	0.21229
0.8	0.975	0.21779
0.825	0.975	0.22145
0.85	0.975	0.22449
0.875	0.975	0.22877
0.9	0.975	0.23353
0.925	0.975	0.2368
0.95	0.975	0.23974
0.975	0.975	0.24326
1	0.975	0.24643
0.025	1	0
0.05	1	1.46E-4
0.075	1	0.00283
0.1	1	0.01551
0.125	1	0.02743
0.15	1	0.04076
0.175	1	0.04895
0.2	1	0.05895
0.225	1	0.06625
0.25	1	0.07164
0.275	1	0.07772
0.3	1	0.08325
0.325	1	0.08476
0.35	1	0.0892
0.375	1	0.09374
0.4	1	0.09611
0.425	1	0.10083
0.45	1	0.10306
0.475	1	0.10449
0.5	1	0.10842
0.525	1	0.10868
0.55	1	0.11082
0.575	1	0.11351
0.6	1	0.11452
0.625	1	0.11595
0.65	1	0.11992
0.675	1	0.12165
0.7	1	0.1212
0.725	1	0.12292
0.75	1	0.12221
0.775	1	0.12409
0.8	1	0.12494
0.825	1	0.12749
0.85	1	0.12884
0.875	1	0.12849
0.9	1	0.13165
0.925	1	0.1297
0.95	1	0.13133
0.975	1	0.13347
1	1	0.13354