0.025	0.025	0.02158
0.05	0.025	0.14439
0.075	0.025	0.27012
0.1	0.025	0.34239
0.125	0.025	0.38522
0.15	0.025	0.40842
0.175	0.025	0.42651
0.2	0.025	0.46368
0.225	0.025	0.47614
0.25	0.025	0.49265
0.275	0.025	0.50528
0.3	0.025	0.50426
0.325	0.025	0.51519
0.35	0.025	0.5235
0.375	0.025	0.52571
0.4	0.025	0.54146
0.425	0.025	0.52501
0.45	0.025	0.5449
0.475	0.025	0.5534
0.5	0.025	0.55931
0.525	0.025	0.55301
0.55	0.025	0.55913
0.575	0.025	0.56419
0.6	0.025	0.57064
0.625	0.025	0.57839
0.65	0.025	0.5718
0.675	0.025	0.58912
0.7	0.025	0.58732
0.725	0.025	0.5853
0.75	0.025	0.59045
0.775	0.025	0.5816
0.8	0.025	0.58969
0.825	0.025	0.59512
0.85	0.025	0.5969
0.875	0.025	0.59669
0.9	0.025	0.60111
0.925	0.025	0.60102
0.95	0.025	0.60373
0.975	0.025	0.59579
1	0.025	0.60347
0.025	0.05	0.02115
0.05	0.05	0.14284
0.075	0.05	0.26361
0.1	0.05	0.31765
0.125	0.05	0.382
0.15	0.05	0.40345
0.175	0.05	0.4496
0.2	0.05	0.45783
0.225	0.05	0.47498
0.25	0.05	0.47635
0.275	0.05	0.50252
0.3	0.05	0.49677
0.325	0.05	0.5141
0.35	0.05	0.51952
0.375	0.05	0.5243
0.4	0.05	0.53364
0.425	0.05	0.54817
0.45	0.05	0.55688
0.475	0.05	0.54913
0.5	0.05	0.55685
0.525	0.05	0.55157
0.55	0.05	0.55938
0.575	0.05	0.55423
0.6	0.05	0.56991
0.625	0.05	0.57207
0.65	0.05	0.57799
0.675	0.05	0.5803
0.7	0.05	0.57695
0.725	0.05	0.57905
0.75	0.05	0.58263
0.775	0.05	0.5871
0.8	0.05	0.58761
0.825	0.05	0.59313
0.85	0.05	0.59166
0.875	0.05	0.58797
0.9	0.05	0.60493
0.925	0.05	0.60383
0.95	0.05	0.60188
0.975	0.05	0.60489
1	0.05	0.59647
0.025	0.075	0.01664
0.05	0.075	0.13833
0.075	0.075	0.25336
0.1	0.075	0.3102
0.125	0.075	0.37692
0.15	0.075	0.40009
0.175	0.075	0.4381
0.2	0.075	0.46165
0.225	0.075	0.47279
0.25	0.075	0.47937
0.275	0.075	0.48407
0.3	0.075	0.50644
0.325	0.075	0.50264
0.35	0.075	0.53193
0.375	0.075	0.51755
0.4	0.075	0.52188
0.425	0.075	0.53415
0.45	0.075	0.53492
0.475	0.075	0.5452
0.5	0.075	0.55434
0.525	0.075	0.55448
0.55	0.075	0.5622
0.575	0.075	0.5614
0.6	0.075	0.58292
0.625	0.075	0.56438
0.65	0.075	0.56418
0.675	0.075	0.56958
0.7	0.075	0.57174
0.725	0.075	0.58293
0.75	0.075	0.59133
0.775	0.075	0.58706
0.8	0.075	0.58974
0.825	0.075	0.59353
0.85	0.075	0.58066
0.875	0.075	0.59421
0.9	0.075	0.59359
0.925	0.075	0.59605
0.95	0.075	0.59666
0.975	0.075	0.60528
1	0.075	0.59372
0.025	0.1	0.01489
0.05	0.1	0.13707
0.075	0.1	0.25909
0.1	0.1	0.32641
0.125	0.1	0.3641
0.15	0.1	0.40669
0.175	0.1	0.43622
0.2	0.1	0.43379
0.225	0.1	0.46829
0.25	0.1	0.46679
0.275	0.1	0.50049
0.3	0.1	0.49765
0.325	0.1	0.51257
0.35	0.1	0.51192
0.375	0.1	0.52273
0.4	0.1	0.52347
0.425	0.1	0.54255
0.45	0.1	0.53751
0.475	0.1	0.54898
0.5	0.1	0.55063
0.525	0.1	0.55422
0.55	0.1	0.55787
0.575	0.1	0.56481
0.6	0.1	0.56619
0.625	0.1	0.57261
0.65	0.1	0.56419
0.675	0.1	0.57182
0.7	0.1	0.57009
0.725	0.1	0.5823
0.75	0.1	0.57939
0.775	0.1	0.57525
0.8	0.1	0.57922
0.825	0.1	0.58907
0.85	0.1	0.58237
0.875	0.1	0.58969
0.9	0.1	0.59936
0.925	0.1	0.60676
0.95	0.1	0.60328
0.975	0.1	0.60804
1	0.1	0.5933
0.025	0.125	0.01774
0.05	0.125	0.12659
0.075	0.125	0.21946
0.1	0.125	0.31149
0.125	0.125	0.37263
0.15	0.125	0.41237
0.175	0.125	0.4238
0.2	0.125	0.46102
0.225	0.125	0.46981
0.25	0.125	0.48695
0.275	0.125	0.4827
0.3	0.125	0.49726
0.325	0.125	0.50801
0.35	0.125	0.51447
0.375	0.125	0.50879
0.4	0.125	0.52348
0.425	0.125	0.53749
0.45	0.125	0.53952
0.475	0.125	0.53954
0.5	0.125	0.5504
0.525	0.125	0.55447
0.55	0.125	0.55109
0.575	0.125	0.5664
0.6	0.125	0.5625
0.625	0.125	0.57139
0.65	0.125	0.56897
0.675	0.125	0.56577
0.7	0.125	0.56422
0.725	0.125	0.57888
0.75	0.125	0.58118
0.775	0.125	0.58915
0.8	0.125	0.57149
0.825	0.125	0.57998
0.85	0.125	0.58577
0.875	0.125	0.58819
0.9	0.125	0.59593
0.925	0.125	0.59717
0.95	0.125	0.59234
0.975	0.125	0.60264
1	0.125	0.59902
0.025	0.15	0.01443
0.05	0.15	0.12383
0.075	0.15	0.23336
0.1	0.15	0.31006
0.125	0.15	0.35456
0.15	0.15	0.39864
0.175	0.15	0.42314
0.2	0.15	0.43954
0.225	0.15	0.45801
0.25	0.15	0.47083
0.275	0.15	0.48545
0.3	0.15	0.48026
0.325	0.15	0.49473
0.35	0.15	0.52131
0.375	0.15	0.51784
0.4	0.15	0.52587
0.425	0.15	0.52531
0.45	0.15	0.53958
0.475	0.15	0.54853
0.5	0.15	0.54656
0.525	0.15	0.54725
0.55	0.15	0.5555
0.575	0.15	0.54544
0.6	0.15	0.56301
0.625	0.15	0.55535
0.65	0.15	0.57434
0.675	0.15	0.57022
0.7	0.15	0.57649
0.725	0.15	0.57923
0.75	0.15	0.57458
0.775	0.15	0.5748
0.8	0.15	0.58657
0.825	0.15	0.58753
0.85	0.15	0.57969
0.875	0.15	0.59514
0.9	0.15	0.5839
0.925	0.15	0.59616
0.95	0.15	0.59124
0.975	0.15	0.59115
1	0.15	0.59221
0.025	0.175	0.01655
0.05	0.175	0.11103
0.075	0.175	0.21584
0.1	0.175	0.30542
0.125	0.175	0.35841
0.15	0.175	0.39194
0.175	0.175	0.4183
0.2	0.175	0.43825
0.225	0.175	0.46707
0.25	0.175	0.4525
0.275	0.175	0.48397
0.3	0.175	0.5016
0.325	0.175	0.50016
0.35	0.175	0.50042
0.375	0.175	0.5196
0.4	0.175	0.51873
0.425	0.175	0.52742
0.45	0.175	0.54012
0.475	0.175	0.53524
0.5	0.175	0.53399
0.525	0.175	0.55529
0.55	0.175	0.55354
0.575	0.175	0.55711
0.6	0.175	0.56261
0.625	0.175	0.55999
0.65	0.175	0.56284
0.675	0.175	0.56517
0.7	0.175	0.57813
0.725	0.175	0.57293
0.75	0.175	0.57115
0.775	0.175	0.57542
0.8	0.175	0.58119
0.825	0.175	0.58701
0.85	0.175	0.59116
0.875	0.175	0.58729
0.9	0.175	0.58595
0.925	0.175	0.5953
0.95	0.175	0.57642
0.975	0.175	0.58936
1	0.175	0.58806
0.025	0.2	0.0136
0.05	0.2	0.11869
0.075	0.2	0.19855
0.1	0.2	0.2916
0.125	0.2	0.34684
0.15	0.2	0.39467
0.175	0.2	0.4218
0.2	0.2	0.43766
0.225	0.2	0.44257
0.25	0.2	0.46693
0.275	0.2	0.48559
0.3	0.2	0.50568
0.325	0.2	0.4975
0.35	0.2	0.51484
0.375	0.2	0.51595
0.4	0.2	0.51795
0.425	0.2	0.52693
0.45	0.2	0.53112
0.475	0.2	0.53062
0.5	0.2	0.54207
0.525	0.2	0.54242
0.55	0.2	0.55115
0.575	0.2	0.54906
0.6	0.2	0.56759
0.625	0.2	0.55467
0.65	0.2	0.55334
0.675	0.2	0.56365
0.7	0.2	0.57393
0.725	0.2	0.57434
0.75	0.2	0.57687
0.775	0.2	0.57385
0.8	0.2	0.5749
0.825	0.2	0.57852
0.85	0.2	0.58774
0.875	0.2	0.57995
0.9	0.2	0.58804
0.925	0.2	0.59346
0.95	0.2	0.58868
0.975	0.2	0.59313
1	0.2	0.59792
0.025	0.225	0.01051
0.05	0.225	0.11935
0.075	0.225	0.20502
0.1	0.225	0.29486
0.125	0.225	0.33932
0.15	0.225	0.39424
0.175	0.225	0.41349
0.2	0.225	0.44656
0.225	0.225	0.46103
0.25	0.225	0.47509
0.275	0.225	0.47174
0.3	0.225	0.4852
0.325	0.225	0.49028
0.35	0.225	0.5041
0.375	0.225	0.50271
0.4	0.225	0.50836
0.425	0.225	0.52963
0.45	0.225	0.53844
0.475	0.225	0.53066
0.5	0.225	0.54338
0.525	0.225	0.53876
0.55	0.225	0.53962
0.575	0.225	0.56166
0.6	0.225	0.54608
0.625	0.225	0.5523
0.65	0.225	0.56702
0.675	0.225	0.56074
0.7	0.225	0.56822
0.725	0.225	0.56676
0.75	0.225	0.58097
0.775	0.225	0.57482
0.8	0.225	0.57548
0.825	0.225	0.58195
0.85	0.225	0.58622
0.875	0.225	0.59208
0.9	0.225	0.58114
0.925	0.225	0.59185
0.95	0.225	0.58794
0.975	0.225	0.59477
1	0.225	0.59943
0.025	0.25	0.01223
0.05	0.25	0.10989
0.075	0.25	0.22139
0.1	0.25	0.29531
0.125	0.25	0.34462
0.15	0.25	0.36637
0.175	0.25	0.39834
0.2	0.25	0.42896
0.225	0.25	0.44647
0.25	0.25	0.46182
0.275	0.25	0.471
0.3	0.25	0.48487
0.325	0.25	0.4835
0.35	0.25	0.4995
0.375	0.25	0.50445
0.4	0.25	0.52299
0.425	0.25	0.51872
0.45	0.25	0.53592
0.475	0.25	0.54206
0.5	0.25	0.53909
0.525	0.25	0.54103
0.55	0.25	0.53856
0.575	0.25	0.55539
0.6	0.25	0.54983
0.625	0.25	0.56182
0.65	0.25	0.54904
0.675	0.25	0.55936
0.7	0.25	0.57339
0.725	0.25	0.56918
0.75	0.25	0.56981
0.775	0.25	0.57461
0.8	0.25	0.58281
0.825	0.25	0.57709
0.85	0.25	0.57657
0.875	0.25	0.58158
0.9	0.25	0.58271
0.925	0.25	0.5819
0.95	0.25	0.58447
0.975	0.25	0.57517
1	0.25	0.58415
0.025	0.275	0.00712
0.05	0.275	0.10233
0.075	0.275	0.2085
0.1	0.275	0.27924
0.125	0.275	0.31815
0.15	0.275	0.37194
0.175	0.275	0.40508
0.2	0.275	0.41573
0.225	0.275	0.44335
0.25	0.275	0.46254
0.275	0.275	0.46944
0.3	0.275	0.48926
0.325	0.275	0.49042
0.35	0.275	0.50667
0.375	0.275	0.50789
0.4	0.275	0.51284
0.425	0.275	0.51842
0.45	0.275	0.52996
0.475	0.275	0.52414
0.5	0.275	0.53533
0.525	0.275	0.53201
0.55	0.275	0.55707
0.575	0.275	0.54961
0.6	0.275	0.55739
0.625	0.275	0.5476
0.65	0.275	0.55568
0.675	0.275	0.55556
0.7	0.275	0.56685
0.725	0.275	0.56518
0.75	0.275	0.5621
0.775	0.275	0.57453
0.8	0.275	0.56821
0.825	0.275	0.5786
0.85	0.275	0.57834
0.875	0.275	0.59129
0.9	0.275	0.58831
0.925	0.275	0.58478
0.95	0.275	0.58342
0.975	0.275	0.58177
1	0.275	0.58692
0.025	0.3	0.00719
0.05	0.3	0.10106
0.075	0.3	0.21322
0.1	0.3	0.2796
0.125	0.3	0.32937
0.15	0.3	0.3591
0.175	0.3	0.38988
0.2	0.3	0.4243
0.225	0.3	0.44375
0.25	0.3	0.45515
0.275	0.3	0.47432
0.3	0.3	0.47415
0.325	0.3	0.49048
0.35	0.3	0.48977
0.375	0.3	0.49571
0.4	0.3	0.5173
0.425	0.3	0.50321
0.45	0.3	0.52323
0.475	0.3	0.52007
0.5	0.3	0.53244
0.525	0.3	0.54396
0.55	0.3	0.53295
0.575	0.3	0.53665
0.6	0.3	0.55329
0.625	0.3	0.55813
0.65	0.3	0.55712
0.675	0.3	0.56096
0.7	0.3	0.55476
0.725	0.3	0.5649
0.75	0.3	0.55968
0.775	0.3	0.56783
0.8	0.3	0.57622
0.825	0.3	0.56371
0.85	0.3	0.57892
0.875	0.3	0.58096
0.9	0.3	0.5815
0.925	0.3	0.58694
0.95	0.3	0.59144
0.975	0.3	0.59124
1	0.3	0.57413
0.025	0.325	0.00674
0.05	0.325	0.09982
0.075	0.325	0.19055
0.1	0.325	0.26429
0.125	0.325	0.32487
0.15	0.325	0.35733
0.175	0.325	0.3881
0.2	0.325	0.41632
0.225	0.325	0.43348
0.25	0.325	0.45271
0.275	0.325	0.46556
0.3	0.325	0.47068
0.325	0.325	0.49215
0.35	0.325	0.47919
0.375	0.325	0.50009
0.4	0.325	0.49595
0.425	0.325	0.51147
0.45	0.325	0.52413
0.475	0.325	0.51957
0.5	0.325	0.52077
0.525	0.325	0.53985
0.55	0.325	0.53162
0.575	0.325	0.53846
0.6	0.325	0.54205
0.625	0.325	0.54363
0.65	0.325	0.54906
0.675	0.325	0.55861
0.7	0.325	0.54505
0.725	0.325	0.55997
0.75	0.325	0.56147
0.775	0.325	0.55924
0.8	0.325	0.5602
0.825	0.325	0.56947
0.85	0.325	0.57399
0.875	0.325	0.58052
0.9	0.325	0.57903
0.925	0.325	0.57546
0.95	0.325	0.57438
0.975	0.325	0.57953
1	0.325	0.57852
0.025	0.35	0.0053
0.05	0.35	0.09881
0.075	0.35	0.1871
0.1	0.35	0.2667
0.125	0.35	0.32915
0.15	0.35	0.35249
0.175	0.35	0.37833
0.2	0.35	0.41577
0.225	0.35	0.42155
0.25	0.35	0.44062
0.275	0.35	0.47323
0.3	0.35	0.48573
0.325	0.35	0.4972
0.35	0.35	0.48971
0.375	0.35	0.50329
0.4	0.35	0.50908
0.425	0.35	0.50206
0.45	0.35	0.51942
0.475	0.35	0.52156
0.5	0.35	0.52132
0.525	0.35	0.53112
0.55	0.35	0.53159
0.575	0.35	0.54133
0.6	0.35	0.53403
0.625	0.35	0.55961
0.65	0.35	0.53598
0.675	0.35	0.55777
0.7	0.35	0.55459
0.725	0.35	0.55319
0.75	0.35	0.55791
0.775	0.35	0.57637
0.8	0.35	0.55727
0.825	0.35	0.57428
0.85	0.35	0.57779
0.875	0.35	0.57139
0.9	0.35	0.57595
0.925	0.35	0.57499
0.95	0.35	0.58677
0.975	0.35	0.57974
1	0.35	0.58038
0.025	0.375	0.00489
0.05	0.375	0.08541
0.075	0.375	0.18222
0.1	0.375	0.24132
0.125	0.375	0.30645
0.15	0.375	0.36739
0.175	0.375	0.39127
0.2	0.375	0.40844
0.225	0.375	0.42121
0.25	0.375	0.42718
0.275	0.375	0.46346
0.3	0.375	0.471
0.325	0.375	0.48124
0.35	0.375	0.48248
0.375	0.375	0.49278
0.4	0.375	0.49004
0.425	0.375	0.50487
0.45	0.375	0.52002
0.475	0.375	0.50984
0.5	0.375	0.50681
0.525	0.375	0.52485
0.55	0.375	0.53685
0.575	0.375	0.53211
0.6	0.375	0.53766
0.625	0.375	0.541
0.65	0.375	0.54986
0.675	0.375	0.55382
0.7	0.375	0.54873
0.725	0.375	0.5515
0.75	0.375	0.55391
0.775	0.375	0.5591
0.8	0.375	0.55903
0.825	0.375	0.56009
0.85	0.375	0.56312
0.875	0.375	0.57294
0.9	0.375	0.55395
0.925	0.375	0.57786
0.95	0.375	0.57294
0.975	0.375	0.57204
1	0.375	0.58591
0.025	0.4	0.00708
0.05	0.4	0.08473
0.075	0.4	0.16878
0.1	0.4	0.25583
0.125	0.4	0.30218
0.15	0.4	0.34639
0.175	0.4	0.38086
0.2	0.4	0.43002
0.225	0.4	0.42177
0.25	0.4	0.45657
0.275	0.4	0.45288
0.3	0.4	0.47026
0.325	0.4	0.48773
0.35	0.4	0.47805
0.375	0.4	0.48579
0.4	0.4	0.49365
0.425	0.4	0.51029
0.45	0.4	0.50994
0.475	0.4	0.5177
0.5	0.4	0.50495
0.525	0.4	0.52201
0.55	0.4	0.52784
0.575	0.4	0.52531
0.6	0.4	0.52504
0.625	0.4	0.54
0.65	0.4	0.53975
0.675	0.4	0.54552
0.7	0.4	0.55076
0.725	0.4	0.55038
0.75	0.4	0.55747
0.775	0.4	0.55615
0.8	0.4	0.56969
0.825	0.4	0.5635
0.85	0.4	0.56164
0.875	0.4	0.56188
0.9	0.4	0.57289
0.925	0.4	0.56934
0.95	0.4	0.57563
0.975	0.4	0.57831
1	0.4	0.57828
0.025	0.425	0.00304
0.05	0.425	0.08465
0.075	0.425	0.17069
0.1	0.425	0.24499
0.125	0.425	0.30248
0.15	0.425	0.34599
0.175	0.425	0.36513
0.2	0.425	0.39566
0.225	0.425	0.41781
0.25	0.425	0.43089
0.275	0.425	0.45028
0.3	0.425	0.4615
0.325	0.425	0.4732
0.35	0.425	0.47183
0.375	0.425	0.48654
0.4	0.425	0.49378
0.425	0.425	0.50639
0.45	0.425	0.5099
0.475	0.425	0.509
0.5	0.425	0.52339
0.525	0.425	0.52078
0.55	0.425	0.51582
0.575	0.425	0.53663
0.6	0.425	0.53539
0.625	0.425	0.53524
0.65	0.425	0.53262
0.675	0.425	0.54774
0.7	0.425	0.54926
0.725	0.425	0.55123
0.75	0.425	0.5553
0.775	0.425	0.56888
0.8	0.425	0.55808
0.825	0.425	0.55174
0.85	0.425	0.5598
0.875	0.425	0.56129
0.9	0.425	0.57283
0.925	0.425	0.55497
0.95	0.425	0.57298
0.975	0.425	0.5736
1	0.425	0.5736
0.025	0.45	0.00346
0.05	0.45	0.07425
0.075	0.45	0.16376
0.1	0.45	0.227
0.125	0.45	0.29958
0.15	0.45	0.32502
0.175	0.45	0.36234
0.2	0.45	0.3931
0.225	0.45	0.42317
0.25	0.45	0.43302
0.275	0.45	0.44248
0.3	0.45	0.46219
0.325	0.45	0.46496
0.35	0.45	0.48168
0.375	0.45	0.50643
0.4	0.45	0.50184
0.425	0.45	0.49378
0.45	0.45	0.49847
0.475	0.45	0.5066
0.5	0.45	0.51551
0.525	0.45	0.51803
0.55	0.45	0.51724
0.575	0.45	0.52907
0.6	0.45	0.52037
0.625	0.45	0.53438
0.65	0.45	0.54079
0.675	0.45	0.54923
0.7	0.45	0.54213
0.725	0.45	0.54394
0.75	0.45	0.55191
0.775	0.45	0.54804
0.8	0.45	0.55206
0.825	0.45	0.55873
0.85	0.45	0.56761
0.875	0.45	0.55688
0.9	0.45	0.55585
0.925	0.45	0.56005
0.95	0.45	0.57361
0.975	0.45	0.5642
1	0.45	0.57027
0.025	0.475	0.00241
0.05	0.475	0.07278
0.075	0.475	0.16315
0.1	0.475	0.21475
0.125	0.475	0.28205
0.15	0.475	0.3235
0.175	0.475	0.3458
0.2	0.475	0.3942
0.225	0.475	0.41352
0.25	0.475	0.41458
0.275	0.475	0.42782
0.3	0.475	0.45077
0.325	0.475	0.46547
0.35	0.475	0.47231
0.375	0.475	0.48112
0.4	0.475	0.49018
0.425	0.475	0.4863
0.45	0.475	0.50034
0.475	0.475	0.51448
0.5	0.475	0.51587
0.525	0.475	0.52131
0.55	0.475	0.51747
0.575	0.475	0.52571
0.6	0.475	0.52581
0.625	0.475	0.53754
0.65	0.475	0.53404
0.675	0.475	0.53286
0.7	0.475	0.53366
0.725	0.475	0.55061
0.75	0.475	0.54975
0.775	0.475	0.55353
0.8	0.475	0.54167
0.825	0.475	0.56108
0.85	0.475	0.56015
0.875	0.475	0.55248
0.9	0.475	0.56206
0.925	0.475	0.5554
0.95	0.475	0.55371
0.975	0.475	0.56536
1	0.475	0.56063
0.025	0.5	0.00147
0.05	0.5	0.06269
0.075	0.5	0.16277
0.1	0.5	0.21934
0.125	0.5	0.2726
0.15	0.5	0.29964
0.175	0.5	0.34914
0.2	0.5	0.36247
0.225	0.5	0.40463
0.25	0.5	0.41057
0.275	0.5	0.43398
0.3	0.5	0.45035
0.325	0.5	0.45533
0.35	0.5	0.47576
0.375	0.5	0.46302
0.4	0.5	0.48716
0.425	0.5	0.48937
0.45	0.5	0.50267
0.475	0.5	0.49919
0.5	0.5	0.50087
0.525	0.5	0.52252
0.55	0.5	0.52076
0.575	0.5	0.51188
0.6	0.5	0.52742
0.625	0.5	0.53143
0.65	0.5	0.53033
0.675	0.5	0.52546
0.7	0.5	0.53327
0.725	0.5	0.53976
0.75	0.5	0.54561
0.775	0.5	0.55017
0.8	0.5	0.5414
0.825	0.5	0.55147
0.85	0.5	0.55186
0.875	0.5	0.5613
0.9	0.5	0.55912
0.925	0.5	0.55944
0.95	0.5	0.563
0.975	0.5	0.5515
1	0.5	0.56424
0.025	0.525	0.00204
0.05	0.525	0.06037
0.075	0.525	0.13472
0.1	0.525	0.20936
0.125	0.525	0.26673
0.15	0.525	0.30184
0.175	0.525	0.3428
0.2	0.525	0.37167
0.225	0.525	0.37747
0.25	0.525	0.4058
0.275	0.525	0.42014
0.3	0.525	0.43145
0.325	0.525	0.44776
0.35	0.525	0.46161
0.375	0.525	0.46085
0.4	0.525	0.48124
0.425	0.525	0.48957
0.45	0.525	0.49399
0.475	0.525	0.49256
0.5	0.525	0.51843
0.525	0.525	0.50556
0.55	0.525	0.51021
0.575	0.525	0.51896
0.6	0.525	0.51342
0.625	0.525	0.52494
0.65	0.525	0.52581
0.675	0.525	0.53951
0.7	0.525	0.52586
0.725	0.525	0.5364
0.75	0.525	0.53491
0.775	0.525	0.54878
0.8	0.525	0.53742
0.825	0.525	0.54513
0.85	0.525	0.54642
0.875	0.525	0.54728
0.9	0.525	0.55168
0.925	0.525	0.54653
0.95	0.525	0.55839
0.975	0.525	0.55177
1	0.525	0.57347
0.025	0.55	0.00111
0.05	0.55	0.05564
0.075	0.55	0.1308
0.1	0.55	0.19767
0.125	0.55	0.25051
0.15	0.55	0.30644
0.175	0.55	0.33154
0.2	0.55	0.35791
0.225	0.55	0.37726
0.25	0.55	0.41137
0.275	0.55	0.42592
0.3	0.55	0.45048
0.325	0.55	0.44585
0.35	0.55	0.45601
0.375	0.55	0.46337
0.4	0.55	0.4728
0.425	0.55	0.48153
0.45	0.55	0.49455
0.475	0.55	0.49636
0.5	0.55	0.49588
0.525	0.55	0.49646
0.55	0.55	0.50283
0.575	0.55	0.51252
0.6	0.55	0.51406
0.625	0.55	0.50839
0.65	0.55	0.52212
0.675	0.55	0.52702
0.7	0.55	0.52514
0.725	0.55	0.52609
0.75	0.55	0.53755
0.775	0.55	0.53689
0.8	0.55	0.53941
0.825	0.55	0.54466
0.85	0.55	0.5547
0.875	0.55	0.55173
0.9	0.55	0.55674
0.925	0.55	0.55759
0.95	0.55	0.54534
0.975	0.55	0.54777
1	0.55	0.55855
0.025	0.575	0.00127
0.05	0.575	0.04743
0.075	0.575	0.12199
0.1	0.575	0.19949
0.125	0.575	0.24142
0.15	0.575	0.29053
0.175	0.575	0.31527
0.2	0.575	0.3434
0.225	0.575	0.3697
0.25	0.575	0.384
0.275	0.575	0.41004
0.3	0.575	0.42245
0.325	0.575	0.44711
0.35	0.575	0.45171
0.375	0.575	0.4551
0.4	0.575	0.46242
0.425	0.575	0.46755
0.45	0.575	0.47078
0.475	0.575	0.48247
0.5	0.575	0.48921
0.525	0.575	0.49088
0.55	0.575	0.51593
0.575	0.575	0.51335
0.6	0.575	0.50199
0.625	0.575	0.52884
0.65	0.575	0.50897
0.675	0.575	0.51746
0.7	0.575	0.52627
0.725	0.575	0.5249
0.75	0.575	0.53644
0.775	0.575	0.53238
0.8	0.575	0.52899
0.825	0.575	0.53701
0.85	0.575	0.53977
0.875	0.575	0.54246
0.9	0.575	0.55078
0.925	0.575	0.54885
0.95	0.575	0.55146
0.975	0.575	0.54668
1	0.575	0.54433
0.025	0.6	0.00104
0.05	0.6	0.0442
0.075	0.6	0.11751
0.1	0.6	0.17981
0.125	0.6	0.22147
0.15	0.6	0.27398
0.175	0.6	0.31107
0.2	0.6	0.33011
0.225	0.6	0.37238
0.25	0.6	0.39379
0.275	0.6	0.40555
0.3	0.6	0.42247
0.325	0.6	0.43989
0.35	0.6	0.43039
0.375	0.6	0.45802
0.4	0.6	0.46856
0.425	0.6	0.46455
0.45	0.6	0.48565
0.475	0.6	0.48455
0.5	0.6	0.48021
0.525	0.6	0.49645
0.55	0.6	0.51146
0.575	0.6	0.49348
0.6	0.6	0.50471
0.625	0.6	0.50883
0.65	0.6	0.51547
0.675	0.6	0.52179
0.7	0.6	0.51785
0.725	0.6	0.51979
0.75	0.6	0.5223
0.775	0.6	0.52973
0.8	0.6	0.52774
0.825	0.6	0.53739
0.85	0.6	0.52977
0.875	0.6	0.53859
0.9	0.6	0.55216
0.925	0.6	0.53742
0.95	0.6	0.5443
0.975	0.6	0.54782
1	0.6	0.54439
0.025	0.625	8.80333E-4
0.05	0.625	0.03669
0.075	0.625	0.1127
0.1	0.625	0.16383
0.125	0.625	0.2252
0.15	0.625	0.27065
0.175	0.625	0.30366
0.2	0.625	0.33502
0.225	0.625	0.35743
0.25	0.625	0.3677
0.275	0.625	0.3874
0.3	0.625	0.41168
0.325	0.625	0.41932
0.35	0.625	0.4441
0.375	0.625	0.45638
0.4	0.625	0.47793
0.425	0.625	0.44988
0.45	0.625	0.47048
0.475	0.625	0.47245
0.5	0.625	0.48833
0.525	0.625	0.49248
0.55	0.625	0.49643
0.575	0.625	0.49312
0.6	0.625	0.50572
0.625	0.625	0.50425
0.65	0.625	0.50812
0.675	0.625	0.50488
0.7	0.625	0.51737
0.725	0.625	0.52109
0.75	0.625	0.51983
0.775	0.625	0.51404
0.8	0.625	0.52354
0.825	0.625	0.52252
0.85	0.625	0.53144
0.875	0.625	0.53292
0.9	0.625	0.53526
0.925	0.625	0.53451
0.95	0.625	0.54736
0.975	0.625	0.53642
1	0.625	0.54894
0.025	0.65	3.14333E-4
0.05	0.65	0.03384
0.075	0.65	0.10423
0.1	0.65	0.16794
0.125	0.65	0.21633
0.15	0.65	0.25884
0.175	0.65	0.29263
0.2	0.65	0.32326
0.225	0.65	0.3413
0.25	0.65	0.36518
0.275	0.65	0.37666
0.3	0.65	0.3952
0.325	0.65	0.42128
0.35	0.65	0.43038
0.375	0.65	0.43345
0.4	0.65	0.43576
0.425	0.65	0.46104
0.45	0.65	0.47706
0.475	0.65	0.4825
0.5	0.65	0.4675
0.525	0.65	0.47986
0.55	0.65	0.50038
0.575	0.65	0.48995
0.6	0.65	0.49061
0.625	0.65	0.49798
0.65	0.65	0.50619
0.675	0.65	0.50734
0.7	0.65	0.50406
0.725	0.65	0.50688
0.75	0.65	0.51134
0.775	0.65	0.51068
0.8	0.65	0.52214
0.825	0.65	0.53086
0.85	0.65	0.51604
0.875	0.65	0.53452
0.9	0.65	0.53253
0.925	0.65	0.52733
0.95	0.65	0.53919
0.975	0.65	0.53441
1	0.65	0.55117
0.025	0.675	5.32E-4
0.05	0.675	0.02804
0.075	0.675	0.09212
0.1	0.675	0.15186
0.125	0.675	0.20269
0.15	0.675	0.23446
0.175	0.675	0.2686
0.2	0.675	0.31024
0.225	0.675	0.32083
0.25	0.675	0.36356
0.275	0.675	0.38635
0.3	0.675	0.3869
0.325	0.675	0.40845
0.35	0.675	0.42154
0.375	0.675	0.41495
0.4	0.675	0.44109
0.425	0.675	0.45343
0.45	0.675	0.45824
0.475	0.675	0.44534
0.5	0.675	0.46174
0.525	0.675	0.48021
0.55	0.675	0.47561
0.575	0.675	0.49299
0.6	0.675	0.48359
0.625	0.675	0.49532
0.65	0.675	0.50104
0.675	0.675	0.49775
0.7	0.675	0.50968
0.725	0.675	0.51061
0.75	0.675	0.50388
0.775	0.675	0.5187
0.8	0.675	0.51466
0.825	0.675	0.53358
0.85	0.675	0.52175
0.875	0.675	0.52527
0.9	0.675	0.52886
0.925	0.675	0.53017
0.95	0.675	0.53036
0.975	0.675	0.53095
1	0.675	0.53664
0.025	0.7	1.15E-4
0.05	0.7	0.02487
0.075	0.7	0.0885
0.1	0.7	0.15107
0.125	0.7	0.19013
0.15	0.7	0.23826
0.175	0.7	0.26761
0.2	0.7	0.2922
0.225	0.7	0.32956
0.25	0.7	0.34124
0.275	0.7	0.35313
0.3	0.7	0.37323
0.325	0.7	0.39199
0.35	0.7	0.40913
0.375	0.7	0.41694
0.4	0.7	0.44179
0.425	0.7	0.44708
0.45	0.7	0.44226
0.475	0.7	0.45818
0.5	0.7	0.46434
0.525	0.7	0.47003
0.55	0.7	0.46903
0.575	0.7	0.48046
0.6	0.7	0.50215
0.625	0.7	0.48468
0.65	0.7	0.49889
0.675	0.7	0.49076
0.7	0.7	0.51388
0.725	0.7	0.50381
0.75	0.7	0.50607
0.775	0.7	0.50459
0.8	0.7	0.51737
0.825	0.7	0.51307
0.85	0.7	0.51737
0.875	0.7	0.5242
0.9	0.7	0.52385
0.925	0.7	0.52918
0.95	0.7	0.53412
0.975	0.7	0.52553
1	0.7	0.52874
0.025	0.725	1.57667E-4
0.05	0.725	0.02528
0.075	0.725	0.07328
0.1	0.725	0.13
0.125	0.725	0.18057
0.15	0.725	0.22488
0.175	0.725	0.23844
0.2	0.725	0.29218
0.225	0.725	0.31493
0.25	0.725	0.31941
0.275	0.725	0.3481
0.3	0.725	0.36208
0.325	0.725	0.38142
0.35	0.725	0.38931
0.375	0.725	0.39267
0.4	0.725	0.42659
0.425	0.725	0.43387
0.45	0.725	0.43064
0.475	0.725	0.43734
0.5	0.725	0.44832
0.525	0.725	0.45984
0.55	0.725	0.47297
0.575	0.725	0.48464
0.6	0.725	0.474
0.625	0.725	0.48509
0.65	0.725	0.48536
0.675	0.725	0.48771
0.7	0.725	0.48018
0.725	0.725	0.49496
0.75	0.725	0.49637
0.775	0.725	0.51003
0.8	0.725	0.50325
0.825	0.725	0.50472
0.85	0.725	0.50456
0.875	0.725	0.51287
0.9	0.725	0.51319
0.925	0.725	0.51562
0.95	0.725	0.51367
0.975	0.725	0.51754
1	0.725	0.51195
0.025	0.75	9.3E-5
0.05	0.75	0.01996
0.075	0.75	0.06787
0.1	0.75	0.11731
0.125	0.75	0.16181
0.15	0.75	0.20408
0.175	0.75	0.23098
0.2	0.75	0.2712
0.225	0.75	0.29411
0.25	0.75	0.30448
0.275	0.75	0.32875
0.3	0.75	0.3591
0.325	0.75	0.3609
0.35	0.75	0.38298
0.375	0.75	0.3842
0.4	0.75	0.38609
0.425	0.75	0.41616
0.45	0.75	0.40896
0.475	0.75	0.4275
0.5	0.75	0.44258
0.525	0.75	0.43119
0.55	0.75	0.4687
0.575	0.75	0.46637
0.6	0.75	0.45451
0.625	0.75	0.47025
0.65	0.75	0.47644
0.675	0.75	0.46775
0.7	0.75	0.47683
0.725	0.75	0.47993
0.75	0.75	0.48869
0.775	0.75	0.49066
0.8	0.75	0.49186
0.825	0.75	0.50717
0.85	0.75	0.4981
0.875	0.75	0.49306
0.9	0.75	0.50722
0.925	0.75	0.48942
0.95	0.75	0.51523
0.975	0.75	0.51111
1	0.75	0.52341
0.025	0.775	2.08667E-4
0.05	0.775	0.0147
0.075	0.775	0.06706
0.1	0.775	0.11179
0.125	0.775	0.15159
0.15	0.775	0.18898
0.175	0.775	0.22784
0.2	0.775	0.25242
0.225	0.775	0.26751
0.25	0.775	0.29661
0.275	0.775	0.30904
0.3	0.775	0.32827
0.325	0.775	0.35799
0.35	0.775	0.35781
0.375	0.775	0.38344
0.4	0.775	0.40345
0.425	0.775	0.39171
0.45	0.775	0.40858
0.475	0.775	0.42821
0.5	0.775	0.43762
0.525	0.775	0.44149
0.55	0.775	0.44275
0.575	0.775	0.43458
0.6	0.775	0.45427
0.625	0.775	0.45347
0.65	0.775	0.45753
0.675	0.775	0.46419
0.7	0.775	0.46689
0.725	0.775	0.48135
0.75	0.775	0.48443
0.775	0.775	0.48537
0.8	0.775	0.49673
0.825	0.775	0.49071
0.85	0.775	0.48952
0.875	0.775	0.50417
0.9	0.775	0.51159
0.925	0.775	0.49849
0.95	0.775	0.49519
0.975	0.775	0.50934
1	0.775	0.49506
0.025	0.8	1.75667E-4
0.05	0.8	0.00992
0.075	0.8	0.05447
0.1	0.8	0.10846
0.125	0.8	0.13621
0.15	0.8	0.17734
0.175	0.8	0.22243
0.2	0.8	0.22999
0.225	0.8	0.26061
0.25	0.8	0.28679
0.275	0.8	0.29048
0.3	0.8	0.32243
0.325	0.8	0.32867
0.35	0.8	0.36345
0.375	0.8	0.35743
0.4	0.8	0.3773
0.425	0.8	0.39073
0.45	0.8	0.39139
0.475	0.8	0.40012
0.5	0.8	0.40799
0.525	0.8	0.40882
0.55	0.8	0.43063
0.575	0.8	0.44471
0.6	0.8	0.44747
0.625	0.8	0.45843
0.65	0.8	0.44125
0.675	0.8	0.44842
0.7	0.8	0.45401
0.725	0.8	0.4664
0.75	0.8	0.47014
0.775	0.8	0.46618
0.8	0.8	0.47946
0.825	0.8	0.4798
0.85	0.8	0.48033
0.875	0.8	0.4861
0.9	0.8	0.49098
0.925	0.8	0.50532
0.95	0.8	0.50393
0.975	0.8	0.48769
1	0.8	0.5054
0.025	0.825	6.23333E-5
0.05	0.825	0.0082
0.075	0.825	0.04638
0.1	0.825	0.08654
0.125	0.825	0.12864
0.15	0.825	0.15496
0.175	0.825	0.19481
0.2	0.825	0.21472
0.225	0.825	0.24168
0.25	0.825	0.2566
0.275	0.825	0.27319
0.3	0.825	0.28897
0.325	0.825	0.312
0.35	0.825	0.32378
0.375	0.825	0.33506
0.4	0.825	0.35587
0.425	0.825	0.35779
0.45	0.825	0.37082
0.475	0.825	0.39138
0.5	0.825	0.39991
0.525	0.825	0.40171
0.55	0.825	0.40845
0.575	0.825	0.41545
0.6	0.825	0.42712
0.625	0.825	0.4313
0.65	0.825	0.43082
0.675	0.825	0.42787
0.7	0.825	0.4429
0.725	0.825	0.45379
0.75	0.825	0.45388
0.775	0.825	0.46473
0.8	0.825	0.4588
0.825	0.825	0.46073
0.85	0.825	0.47269
0.875	0.825	0.4783
0.9	0.825	0.47229
0.925	0.825	0.47179
0.95	0.825	0.48343
0.975	0.825	0.47679
1	0.825	0.48882
0.025	0.85	8.43333E-5
0.05	0.85	0.00552
0.075	0.85	0.04071
0.1	0.85	0.07677
0.125	0.85	0.11745
0.15	0.85	0.14975
0.175	0.85	0.1769
0.2	0.85	0.19408
0.225	0.85	0.21708
0.25	0.85	0.23716
0.275	0.85	0.25247
0.3	0.85	0.28519
0.325	0.85	0.28803
0.35	0.85	0.31363
0.375	0.85	0.31053
0.4	0.85	0.32812
0.425	0.85	0.34287
0.45	0.85	0.34443
0.475	0.85	0.36024
0.5	0.85	0.37439
0.525	0.85	0.36611
0.55	0.85	0.38354
0.575	0.85	0.39236
0.6	0.85	0.40333
0.625	0.85	0.40552
0.65	0.85	0.41369
0.675	0.85	0.41275
0.7	0.85	0.42281
0.725	0.85	0.43393
0.75	0.85	0.43174
0.775	0.85	0.44179
0.8	0.85	0.44847
0.825	0.85	0.45292
0.85	0.85	0.45928
0.875	0.85	0.45455
0.9	0.85	0.45772
0.925	0.85	0.46266
0.95	0.85	0.47425
0.975	0.85	0.45492
1	0.85	0.47131
0.025	0.875	5.13333E-5
0.05	0.875	0.00329
0.075	0.875	0.02944
0.1	0.875	0.06514
0.125	0.875	0.0975
0.15	0.875	0.12332
0.175	0.875	0.14931
0.2	0.875	0.17066
0.225	0.875	0.20035
0.25	0.875	0.21643
0.275	0.875	0.24142
0.3	0.875	0.26473
0.325	0.875	0.25873
0.35	0.875	0.26508
0.375	0.875	0.28482
0.4	0.875	0.29935
0.425	0.875	0.3018
0.45	0.875	0.32394
0.475	0.875	0.34048
0.5	0.875	0.34581
0.525	0.875	0.34951
0.55	0.875	0.3472
0.575	0.875	0.36798
0.6	0.875	0.38851
0.625	0.875	0.37473
0.65	0.875	0.3923
0.675	0.875	0.39259
0.7	0.875	0.39359
0.725	0.875	0.39606
0.75	0.875	0.41216
0.775	0.875	0.41596
0.8	0.875	0.41121
0.825	0.875	0.42414
0.85	0.875	0.41721
0.875	0.875	0.44251
0.9	0.875	0.43171
0.925	0.875	0.4407
0.95	0.875	0.44701
0.975	0.875	0.4615
1	0.875	0.45119
0.025	0.9	5.36667E-5
0.05	0.9	0.00333
0.075	0.9	0.02231
0.1	0.9	0.05151
0.125	0.9	0.08639
0.15	0.9	0.1068
0.175	0.9	0.13402
0.2	0.9	0.15707
0.225	0.9	0.17501
0.25	0.9	0.19039
0.275	0.9	0.20007
0.3	0.9	0.22056
0.325	0.9	0.23585
0.35	0.9	0.25162
0.375	0.9	0.25818
0.4	0.9	0.27852
0.425	0.9	0.27524
0.45	0.9	0.29546
0.475	0.9	0.29854
0.5	0.9	0.30862
0.525	0.9	0.31163
0.55	0.9	0.32553
0.575	0.9	0.33839
0.6	0.9	0.34295
0.625	0.9	0.35536
0.65	0.9	0.34169
0.675	0.9	0.35122
0.7	0.9	0.35993
0.725	0.9	0.37189
0.75	0.9	0.3778
0.775	0.9	0.38213
0.8	0.9	0.39775
0.825	0.9	0.3932
0.85	0.9	0.41159
0.875	0.9	0.39679
0.9	0.9	0.41247
0.925	0.9	0.42017
0.95	0.9	0.4074
0.975	0.9	0.4225
1	0.9	0.43137
0.025	0.925	0
0.05	0.925	0.00224
0.075	0.925	0.01703
0.1	0.925	0.04538
0.125	0.925	0.06579
0.15	0.925	0.0932
0.175	0.925	0.11072
0.2	0.925	0.12258
0.225	0.925	0.14699
0.25	0.925	0.16496
0.275	0.925	0.17336
0.3	0.925	0.19235
0.325	0.925	0.20165
0.35	0.925	0.21321
0.375	0.925	0.22149
0.4	0.925	0.24024
0.425	0.925	0.23656
0.45	0.925	0.25263
0.475	0.925	0.2746
0.5	0.925	0.26594
0.525	0.925	0.28749
0.55	0.925	0.28786
0.575	0.925	0.2794
0.6	0.925	0.30906
0.625	0.925	0.29543
0.65	0.925	0.31331
0.675	0.925	0.32529
0.7	0.925	0.32654
0.725	0.925	0.33636
0.75	0.925	0.33546
0.775	0.925	0.34282
0.8	0.925	0.34474
0.825	0.925	0.36489
0.85	0.925	0.36592
0.875	0.925	0.35967
0.9	0.925	0.36999
0.925	0.925	0.37908
0.95	0.925	0.38691
0.975	0.925	0.38238
1	0.925	0.38235
0.025	0.95	0
0.05	0.95	0.00108
0.075	0.95	0.00919
0.1	0.95	0.03216
0.125	0.95	0.05127
0.15	0.95	0.07334
0.175	0.95	0.08843
0.2	0.95	0.10471
0.225	0.95	0.12123
0.25	0.95	0.13696
0.275	0.95	0.14722
0.3	0.95	0.16397
0.325	0.95	0.16118
0.35	0.95	0.17686
0.375	0.95	0.18425
0.4	0.95	0.19495
0.425	0.95	0.19812
0.45	0.95	0.216
0.475	0.95	0.21932
0.5	0.95	0.2223
0.525	0.95	0.22924
0.55	0.95	0.23994
0.575	0.95	0.24971
0.6	0.95	0.2548
0.625	0.95	0.25278
0.65	0.95	0.26442
0.675	0.95	0.2626
0.7	0.95	0.27762
0.725	0.95	0.28469
0.75	0.95	0.28629
0.775	0.95	0.2875
0.8	0.95	0.29781
0.825	0.95	0.31415
0.85	0.95	0.30613
0.875	0.95	0.30194
0.9	0.95	0.31738
0.925	0.95	0.3225
0.95	0.95	0.32958
0.975	0.95	0.32317
1	0.95	0.33831
0.025	0.975	0
0.05	0.975	8.39E-4
0.075	0.975	0.00666
0.1	0.975	0.0185
0.125	0.975	0.03733
0.15	0.975	0.05715
0.175	0.975	0.0711
0.2	0.975	0.08213
0.225	0.975	0.0939
0.25	0.975	0.1018
0.275	0.975	0.10908
0.3	0.975	0.11827
0.325	0.975	0.12737
0.35	0.975	0.13436
0.375	0.975	0.14126
0.4	0.975	0.14626
0.425	0.975	0.15018
0.45	0.975	0.15599
0.475	0.975	0.16073
0.5	0.975	0.16636
0.525	0.975	0.17531
0.55	0.975	0.17666
0.575	0.975	0.18565
0.6	0.975	0.1872
0.625	0.975	0.19071
0.65	0.975	0.1917
0.675	0.975	0.20016
0.7	0.975	0.2041
0.725	0.975	0.20718
0.75	0.975	0.20981
0.775	0.975	0.21605
0.8	0.975	0.22266
0.825	0.975	0.22933
0.85	0.975	0.22763
0.875	0.975	0.22676
0.9	0.975	0.23257
0.925	0.975	0.23849
0.95	0.975	0.23657
0.975	0.975	0.24303
1	0.975	0.24748
0.025	1	0
0.05	1	2.68333E-4
0.075	1	0.00322
0.1	1	0.01365
0.125	1	0.02679
0.15	1	0.04025
0.175	1	0.04935
0.2	1	0.06106
0.225	1	0.06553
0.25	1	0.07077
0.275	1	0.07815
0.3	1	0.08332
0.325	1	0.08593
0.35	1	0.08883
0.375	1	0.09441
0.4	1	0.09786
0.425	1	0.09984
0.45	1	0.10162
0.475	1	0.10395
0.5	1	0.10838
0.525	1	0.10994
0.55	1	0.11217
0.575	1	0.11411
0.6	1	0.11553
0.625	1	0.11597
0.65	1	0.11885
0.675	1	0.11969
0.7	1	0.12116
0.725	1	0.12168
0.75	1	0.12371
0.775	1	0.12503
0.8	1	0.12437
0.825	1	0.12731
0.85	1	0.12849
0.875	1	0.12819
0.9	1	0.13117
0.925	1	0.13177
0.95	1	0.13355
0.975	1	0.1316
1	1	0.13468
		