0.025	0.025	0.00445
0.05	0.025	0.09816
0.075	0.025	0.21345
0.1	0.025	0.30259
0.125	0.025	0.36794
0.15	0.025	0.42306
0.175	0.025	0.46492
0.2	0.025	0.49327
0.225	0.025	0.52645
0.25	0.025	0.54425
0.275	0.025	0.55961
0.3	0.025	0.5814
0.325	0.025	0.59211
0.35	0.025	0.61351
0.375	0.025	0.61965
0.4	0.025	0.62723
0.425	0.025	0.63293
0.45	0.025	0.63618
0.475	0.025	0.64527
0.5	0.025	0.64759
0.525	0.025	0.6578
0.55	0.025	0.6618
0.575	0.025	0.66243
0.6	0.025	0.67254
0.625	0.025	0.67313
0.65	0.025	0.67315
0.675	0.025	0.67959
0.7	0.025	0.68182
0.725	0.025	0.68619
0.75	0.025	0.68721
0.775	0.025	0.69036
0.8	0.025	0.69407
0.825	0.025	0.69754
0.85	0.025	0.69834
0.875	0.025	0.70104
0.9	0.025	0.70207
0.925	0.025	0.70349
0.95	0.025	0.70267
0.975	0.025	0.70566
1	0.025	0.70521
0.025	0.05	0.00324
0.05	0.05	0.09883
0.075	0.05	0.20571
0.1	0.05	0.29823
0.125	0.05	0.36868
0.15	0.05	0.4126
0.175	0.05	0.46211
0.2	0.05	0.49371
0.225	0.05	0.51629
0.25	0.05	0.53774
0.275	0.05	0.5642
0.3	0.05	0.57196
0.325	0.05	0.59757
0.35	0.05	0.59748
0.375	0.05	0.61352
0.4	0.05	0.62346
0.425	0.05	0.62857
0.45	0.05	0.63671
0.475	0.05	0.64359
0.5	0.05	0.65274
0.525	0.05	0.65615
0.55	0.05	0.66097
0.575	0.05	0.66243
0.6	0.05	0.67098
0.625	0.05	0.67531
0.65	0.05	0.67232
0.675	0.05	0.67762
0.7	0.05	0.6821
0.725	0.05	0.68252
0.75	0.05	0.68589
0.775	0.05	0.69097
0.8	0.05	0.68848
0.825	0.05	0.69299
0.85	0.05	0.69345
0.875	0.05	0.69733
0.9	0.05	0.70149
0.925	0.05	0.69923
0.95	0.05	0.70132
0.975	0.05	0.70403
1	0.05	0.70227
0.025	0.075	0.00331
0.05	0.075	0.08818
0.075	0.075	0.20381
0.1	0.075	0.28594
0.125	0.075	0.35484
0.15	0.075	0.40362
0.175	0.075	0.44445
0.2	0.075	0.47573
0.225	0.075	0.50963
0.25	0.075	0.53264
0.275	0.075	0.5612
0.3	0.075	0.57297
0.325	0.075	0.57992
0.35	0.075	0.60197
0.375	0.075	0.60491
0.4	0.075	0.61444
0.425	0.075	0.62386
0.45	0.075	0.62844
0.475	0.075	0.64181
0.5	0.075	0.64649
0.525	0.075	0.65401
0.55	0.075	0.65739
0.575	0.075	0.66038
0.6	0.075	0.66669
0.625	0.075	0.67431
0.65	0.075	0.67391
0.675	0.075	0.6741
0.7	0.075	0.68015
0.725	0.075	0.68045
0.75	0.075	0.68423
0.775	0.075	0.6825
0.8	0.075	0.69046
0.825	0.075	0.69235
0.85	0.075	0.69546
0.875	0.075	0.69668
0.9	0.075	0.6996
0.925	0.075	0.70149
0.95	0.075	0.70044
0.975	0.075	0.70311
1	0.075	0.70903
0.025	0.1	0.00293
0.05	0.1	0.08626
0.075	0.1	0.19338
0.1	0.1	0.28201
0.125	0.1	0.35646
0.15	0.1	0.40574
0.175	0.1	0.45432
0.2	0.1	0.4749
0.225	0.1	0.50139
0.25	0.1	0.53276
0.275	0.1	0.54774
0.3	0.1	0.56526
0.325	0.1	0.58413
0.35	0.1	0.59117
0.375	0.1	0.6005
0.4	0.1	0.61479
0.425	0.1	0.62453
0.45	0.1	0.63375
0.475	0.1	0.63391
0.5	0.1	0.64306
0.525	0.1	0.64998
0.55	0.1	0.65533
0.575	0.1	0.6612
0.6	0.1	0.66298
0.625	0.1	0.66525
0.65	0.1	0.66944
0.675	0.1	0.66959
0.7	0.1	0.67891
0.725	0.1	0.67952
0.75	0.1	0.68287
0.775	0.1	0.68524
0.8	0.1	0.69029
0.825	0.1	0.68959
0.85	0.1	0.69303
0.875	0.1	0.69426
0.9	0.1	0.69468
0.925	0.1	0.69714
0.95	0.1	0.69888
0.975	0.1	0.70082
1	0.1	0.70313
0.025	0.125	0.00266
0.05	0.125	0.0842
0.075	0.125	0.1883
0.1	0.125	0.28004
0.125	0.125	0.34632
0.15	0.125	0.39394
0.175	0.125	0.44058
0.2	0.125	0.47636
0.225	0.125	0.5012
0.25	0.125	0.5245
0.275	0.125	0.54808
0.3	0.125	0.5696
0.325	0.125	0.57718
0.35	0.125	0.58499
0.375	0.125	0.60403
0.4	0.125	0.61685
0.425	0.125	0.61902
0.45	0.125	0.62672
0.475	0.125	0.6338
0.5	0.125	0.64165
0.525	0.125	0.65137
0.55	0.125	0.64791
0.575	0.125	0.65632
0.6	0.125	0.66103
0.625	0.125	0.66053
0.65	0.125	0.6686
0.675	0.125	0.6743
0.7	0.125	0.67759
0.725	0.125	0.6794
0.75	0.125	0.68365
0.775	0.125	0.6847
0.8	0.125	0.6854
0.825	0.125	0.68701
0.85	0.125	0.69057
0.875	0.125	0.69242
0.9	0.125	0.69482
0.925	0.125	0.69385
0.95	0.125	0.69646
0.975	0.125	0.69821
1	0.125	0.69977
0.025	0.15	0.00257
0.05	0.15	0.07393
0.075	0.15	0.18481
0.1	0.15	0.27464
0.125	0.15	0.33358
0.15	0.15	0.38576
0.175	0.15	0.4326
0.2	0.15	0.46326
0.225	0.15	0.49446
0.25	0.15	0.52001
0.275	0.15	0.53475
0.3	0.15	0.55869
0.325	0.15	0.57547
0.35	0.15	0.57914
0.375	0.15	0.59788
0.4	0.15	0.6046
0.425	0.15	0.6189
0.45	0.15	0.62395
0.475	0.15	0.636
0.5	0.15	0.63463
0.525	0.15	0.64242
0.55	0.15	0.64898
0.575	0.15	0.64978
0.6	0.15	0.66141
0.625	0.15	0.66335
0.65	0.15	0.66391
0.675	0.15	0.67122
0.7	0.15	0.67421
0.725	0.15	0.67824
0.75	0.15	0.67762
0.775	0.15	0.67868
0.8	0.15	0.68605
0.825	0.15	0.68317
0.85	0.15	0.69142
0.875	0.15	0.6888
0.9	0.15	0.69293
0.925	0.15	0.69853
0.95	0.15	0.69611
0.975	0.15	0.70218
1	0.15	0.69751
0.025	0.175	0.00135
0.05	0.175	0.07823
0.075	0.175	0.18053
0.1	0.175	0.25824
0.125	0.175	0.32801
0.15	0.175	0.3803
0.175	0.175	0.42094
0.2	0.175	0.45659
0.225	0.175	0.48645
0.25	0.175	0.51034
0.275	0.175	0.53033
0.3	0.175	0.55575
0.325	0.175	0.57639
0.35	0.175	0.58473
0.375	0.175	0.58996
0.4	0.175	0.60692
0.425	0.175	0.6122
0.45	0.175	0.61971
0.475	0.175	0.63028
0.5	0.175	0.63011
0.525	0.175	0.64175
0.55	0.175	0.6403
0.575	0.175	0.65269
0.6	0.175	0.65537
0.625	0.175	0.65351
0.65	0.175	0.66237
0.675	0.175	0.66876
0.7	0.175	0.67422
0.725	0.175	0.67258
0.75	0.175	0.67533
0.775	0.175	0.67748
0.8	0.175	0.6814
0.825	0.175	0.68942
0.85	0.175	0.68527
0.875	0.175	0.6895
0.9	0.175	0.68902
0.925	0.175	0.68961
0.95	0.175	0.69533
0.975	0.175	0.69469
1	0.175	0.70181
0.025	0.2	0.00226
0.05	0.2	0.07018
0.075	0.2	0.18571
0.1	0.2	0.2577
0.125	0.2	0.31958
0.15	0.2	0.37751
0.175	0.2	0.41928
0.2	0.2	0.45438
0.225	0.2	0.47627
0.25	0.2	0.50634
0.275	0.2	0.53279
0.3	0.2	0.55435
0.325	0.2	0.56762
0.35	0.2	0.5757
0.375	0.2	0.5856
0.4	0.2	0.59954
0.425	0.2	0.60848
0.45	0.2	0.61681
0.475	0.2	0.62161
0.5	0.2	0.63061
0.525	0.2	0.63835
0.55	0.2	0.64475
0.575	0.2	0.64773
0.6	0.2	0.64952
0.625	0.2	0.65925
0.65	0.2	0.65817
0.675	0.2	0.66045
0.7	0.2	0.66707
0.725	0.2	0.67435
0.75	0.2	0.67483
0.775	0.2	0.68179
0.8	0.2	0.68528
0.825	0.2	0.68079
0.85	0.2	0.68764
0.875	0.2	0.68622
0.9	0.2	0.68829
0.925	0.2	0.68966
0.95	0.2	0.69226
0.975	0.2	0.69335
1	0.2	0.69519
0.025	0.225	0.0013
0.05	0.225	0.07029
0.075	0.225	0.16489
0.1	0.225	0.25724
0.125	0.225	0.31729
0.15	0.225	0.35912
0.175	0.225	0.41352
0.2	0.225	0.444
0.225	0.225	0.47629
0.25	0.225	0.50156
0.275	0.225	0.51308
0.3	0.225	0.53791
0.325	0.225	0.55109
0.35	0.225	0.56801
0.375	0.225	0.58339
0.4	0.225	0.59898
0.425	0.225	0.5995
0.45	0.225	0.61118
0.475	0.225	0.62683
0.5	0.225	0.62515
0.525	0.225	0.62636
0.55	0.225	0.63592
0.575	0.225	0.64211
0.6	0.225	0.64962
0.625	0.225	0.65693
0.65	0.225	0.66096
0.675	0.225	0.65952
0.7	0.225	0.66494
0.725	0.225	0.67652
0.75	0.225	0.66808
0.775	0.225	0.67726
0.8	0.225	0.67864
0.825	0.225	0.67822
0.85	0.225	0.68437
0.875	0.225	0.67908
0.9	0.225	0.68764
0.925	0.225	0.68766
0.95	0.225	0.69284
0.975	0.225	0.69214
1	0.225	0.68831
0.025	0.25	0.00128
0.05	0.25	0.0684
0.075	0.25	0.1596
0.1	0.25	0.24257
0.125	0.25	0.30927
0.15	0.25	0.36237
0.175	0.25	0.4039
0.2	0.25	0.4366
0.225	0.25	0.46687
0.25	0.25	0.50021
0.275	0.25	0.52547
0.3	0.25	0.53028
0.325	0.25	0.54639
0.35	0.25	0.56146
0.375	0.25	0.57241
0.4	0.25	0.58394
0.425	0.25	0.60135
0.45	0.25	0.6097
0.475	0.25	0.61142
0.5	0.25	0.62554
0.525	0.25	0.62543
0.55	0.25	0.63314
0.575	0.25	0.63577
0.6	0.25	0.64263
0.625	0.25	0.65442
0.65	0.25	0.65755
0.675	0.25	0.65329
0.7	0.25	0.66269
0.725	0.25	0.66795
0.75	0.25	0.67
0.775	0.25	0.67341
0.8	0.25	0.67504
0.825	0.25	0.68192
0.85	0.25	0.6814
0.875	0.25	0.68614
0.9	0.25	0.68171
0.925	0.25	0.68792
0.95	0.25	0.68669
0.975	0.25	0.68716
1	0.25	0.69243
0.025	0.275	0.00125
0.05	0.275	0.06141
0.075	0.275	0.15708
0.1	0.275	0.24102
0.125	0.275	0.30248
0.15	0.275	0.35601
0.175	0.275	0.39492
0.2	0.275	0.43014
0.225	0.275	0.46536
0.25	0.275	0.48159
0.275	0.275	0.51137
0.3	0.275	0.53023
0.325	0.275	0.5433
0.35	0.275	0.55913
0.375	0.275	0.56595
0.4	0.275	0.58107
0.425	0.275	0.59561
0.45	0.275	0.60383
0.475	0.275	0.60631
0.5	0.275	0.6214
0.525	0.275	0.62405
0.55	0.275	0.63095
0.575	0.275	0.63676
0.6	0.275	0.64388
0.625	0.275	0.64959
0.65	0.275	0.64678
0.675	0.275	0.65507
0.7	0.275	0.65409
0.725	0.275	0.6617
0.75	0.275	0.66895
0.775	0.275	0.66744
0.8	0.275	0.67439
0.825	0.275	0.67157
0.85	0.275	0.67941
0.875	0.275	0.68142
0.9	0.275	0.68222
0.925	0.275	0.68402
0.95	0.275	0.68528
0.975	0.275	0.68659
1	0.275	0.69151
0.025	0.3	0.00111
0.05	0.3	0.05514
0.075	0.3	0.1495
0.1	0.3	0.23317
0.125	0.3	0.29965
0.15	0.3	0.34211
0.175	0.3	0.38284
0.2	0.3	0.42443
0.225	0.3	0.46371
0.25	0.3	0.47834
0.275	0.3	0.50534
0.3	0.3	0.51954
0.325	0.3	0.54715
0.35	0.3	0.55376
0.375	0.3	0.56408
0.4	0.3	0.56962
0.425	0.3	0.59496
0.45	0.3	0.59966
0.475	0.3	0.60848
0.5	0.3	0.61239
0.525	0.3	0.62109
0.55	0.3	0.62344
0.575	0.3	0.63331
0.6	0.3	0.63877
0.625	0.3	0.63961
0.65	0.3	0.64685
0.675	0.3	0.65151
0.7	0.3	0.6618
0.725	0.3	0.66099
0.75	0.3	0.66137
0.775	0.3	0.66536
0.8	0.3	0.66906
0.825	0.3	0.67408
0.85	0.3	0.67262
0.875	0.3	0.6761
0.9	0.3	0.68017
0.925	0.3	0.68014
0.95	0.3	0.68478
0.975	0.3	0.6849
1	0.3	0.6859
0.025	0.325	0.00122
0.05	0.325	0.05235
0.075	0.325	0.13799
0.1	0.325	0.21298
0.125	0.325	0.28976
0.15	0.325	0.33641
0.175	0.325	0.38245
0.2	0.325	0.41685
0.225	0.325	0.44694
0.25	0.325	0.47682
0.275	0.325	0.49802
0.3	0.325	0.52089
0.325	0.325	0.5296
0.35	0.325	0.55016
0.375	0.325	0.55724
0.4	0.325	0.57585
0.425	0.325	0.57773
0.45	0.325	0.58839
0.475	0.325	0.60435
0.5	0.325	0.60423
0.525	0.325	0.61138
0.55	0.325	0.62077
0.575	0.325	0.63126
0.6	0.325	0.63603
0.625	0.325	0.63886
0.65	0.325	0.64004
0.675	0.325	0.64915
0.7	0.325	0.65715
0.725	0.325	0.65602
0.75	0.325	0.66455
0.775	0.325	0.66919
0.8	0.325	0.66691
0.825	0.325	0.66873
0.85	0.325	0.67029
0.875	0.325	0.67698
0.9	0.325	0.67679
0.925	0.325	0.68358
0.95	0.325	0.68464
0.975	0.325	0.68326
1	0.325	0.6836
0.025	0.35	9.18333E-4
0.05	0.35	0.05013
0.075	0.35	0.13578
0.1	0.35	0.21704
0.125	0.35	0.27901
0.15	0.35	0.32842
0.175	0.35	0.36928
0.2	0.35	0.41516
0.225	0.35	0.42966
0.25	0.35	0.46941
0.275	0.35	0.48973
0.3	0.35	0.5125
0.325	0.35	0.52716
0.35	0.35	0.54369
0.375	0.35	0.55146
0.4	0.35	0.5657
0.425	0.35	0.58352
0.45	0.35	0.58077
0.475	0.35	0.59759
0.5	0.35	0.60203
0.525	0.35	0.61004
0.55	0.35	0.61858
0.575	0.35	0.62778
0.6	0.35	0.62382
0.625	0.35	0.63368
0.65	0.35	0.63785
0.675	0.35	0.64149
0.7	0.35	0.64715
0.725	0.35	0.65409
0.75	0.35	0.65389
0.775	0.35	0.6606
0.8	0.35	0.6612
0.825	0.35	0.6645
0.85	0.35	0.66991
0.875	0.35	0.67286
0.9	0.35	0.66999
0.925	0.35	0.67458
0.95	0.35	0.68353
0.975	0.35	0.67948
1	0.35	0.67979
0.025	0.375	4.86E-4
0.05	0.375	0.04766
0.075	0.375	0.12443
0.1	0.375	0.20236
0.125	0.375	0.27023
0.15	0.375	0.32298
0.175	0.375	0.3622
0.2	0.375	0.39681
0.225	0.375	0.43066
0.25	0.375	0.45491
0.275	0.375	0.47931
0.3	0.375	0.50777
0.325	0.375	0.52201
0.35	0.375	0.53358
0.375	0.375	0.55365
0.4	0.375	0.55898
0.425	0.375	0.57504
0.45	0.375	0.5882
0.475	0.375	0.58727
0.5	0.375	0.59404
0.525	0.375	0.61082
0.55	0.375	0.61577
0.575	0.375	0.62353
0.6	0.375	0.62861
0.625	0.375	0.63523
0.65	0.375	0.63625
0.675	0.375	0.63737
0.7	0.375	0.63797
0.725	0.375	0.64356
0.75	0.375	0.65068
0.775	0.375	0.65902
0.8	0.375	0.65403
0.825	0.375	0.66438
0.85	0.375	0.66679
0.875	0.375	0.67035
0.9	0.375	0.67152
0.925	0.375	0.67216
0.95	0.375	0.67779
0.975	0.375	0.67425
1	0.375	0.68173
0.025	0.4	5.80333E-4
0.05	0.4	0.04529
0.075	0.4	0.12486
0.1	0.4	0.20151
0.125	0.4	0.25756
0.15	0.4	0.3144
0.175	0.4	0.3631
0.2	0.4	0.39176
0.225	0.4	0.41793
0.25	0.4	0.4466
0.275	0.4	0.47407
0.3	0.4	0.48698
0.325	0.4	0.50808
0.35	0.4	0.52181
0.375	0.4	0.54065
0.4	0.4	0.55253
0.425	0.4	0.56218
0.45	0.4	0.57407
0.475	0.4	0.58818
0.5	0.4	0.58947
0.525	0.4	0.60913
0.55	0.4	0.60713
0.575	0.4	0.61231
0.6	0.4	0.62136
0.625	0.4	0.62481
0.65	0.4	0.63276
0.675	0.4	0.63526
0.7	0.4	0.63653
0.725	0.4	0.6449
0.75	0.4	0.64556
0.775	0.4	0.64545
0.8	0.4	0.65335
0.825	0.4	0.65683
0.85	0.4	0.66055
0.875	0.4	0.66663
0.9	0.4	0.6693
0.925	0.4	0.67015
0.95	0.4	0.6678
0.975	0.4	0.67586
1	0.4	0.67922
0.025	0.425	5.92E-4
0.05	0.425	0.03574
0.075	0.425	0.11579
0.1	0.425	0.18862
0.125	0.425	0.25405
0.15	0.425	0.30238
0.175	0.425	0.34307
0.2	0.425	0.38467
0.225	0.425	0.42279
0.25	0.425	0.43746
0.275	0.425	0.4592
0.3	0.425	0.48853
0.325	0.425	0.49531
0.35	0.425	0.52373
0.375	0.425	0.53582
0.4	0.425	0.54871
0.425	0.425	0.55606
0.45	0.425	0.56956
0.475	0.425	0.57902
0.5	0.425	0.58287
0.525	0.425	0.595
0.55	0.425	0.60603
0.575	0.425	0.59936
0.6	0.425	0.61619
0.625	0.425	0.62189
0.65	0.425	0.6247
0.675	0.425	0.63148
0.7	0.425	0.64033
0.725	0.425	0.64416
0.75	0.425	0.64424
0.775	0.425	0.64618
0.8	0.425	0.65097
0.825	0.425	0.6494
0.85	0.425	0.65944
0.875	0.425	0.66016
0.9	0.425	0.66742
0.925	0.425	0.6635
0.95	0.425	0.66272
0.975	0.425	0.67171
1	0.425	0.67405
0.025	0.45	5.03E-4
0.05	0.45	0.03136
0.075	0.45	0.11512
0.1	0.45	0.17898
0.125	0.45	0.24358
0.15	0.45	0.29086
0.175	0.45	0.33787
0.2	0.45	0.36786
0.225	0.45	0.39733
0.25	0.45	0.436
0.275	0.45	0.45069
0.3	0.45	0.47861
0.325	0.45	0.49193
0.35	0.45	0.51593
0.375	0.45	0.52203
0.4	0.45	0.53008
0.425	0.45	0.54865
0.45	0.45	0.55969
0.475	0.45	0.57534
0.5	0.45	0.58195
0.525	0.45	0.59385
0.55	0.45	0.6019
0.575	0.45	0.60946
0.6	0.45	0.61241
0.625	0.45	0.61615
0.65	0.45	0.62001
0.675	0.45	0.62607
0.7	0.45	0.62887
0.725	0.45	0.63455
0.75	0.45	0.6387
0.775	0.45	0.64886
0.8	0.45	0.64638
0.825	0.45	0.64997
0.85	0.45	0.65207
0.875	0.45	0.6564
0.9	0.45	0.65706
0.925	0.45	0.66468
0.95	0.45	0.66465
0.975	0.45	0.66528
1	0.45	0.67096
0.025	0.475	5.64667E-4
0.05	0.475	0.03369
0.075	0.475	0.10362
0.1	0.475	0.17076
0.125	0.475	0.23486
0.15	0.475	0.27487
0.175	0.475	0.32658
0.2	0.475	0.36561
0.225	0.475	0.38978
0.25	0.475	0.4186
0.275	0.475	0.4424
0.3	0.475	0.4634
0.325	0.475	0.48863
0.35	0.475	0.50688
0.375	0.475	0.51943
0.4	0.475	0.53252
0.425	0.475	0.54196
0.45	0.475	0.55452
0.475	0.475	0.55765
0.5	0.475	0.57291
0.525	0.475	0.57929
0.55	0.475	0.59354
0.575	0.475	0.59503
0.6	0.475	0.60414
0.625	0.475	0.60655
0.65	0.475	0.61643
0.675	0.475	0.62038
0.7	0.475	0.6259
0.725	0.475	0.62603
0.75	0.475	0.63534
0.775	0.475	0.63702
0.8	0.475	0.64116
0.825	0.475	0.64539
0.85	0.475	0.65115
0.875	0.475	0.65178
0.9	0.475	0.65141
0.925	0.475	0.65853
0.95	0.475	0.66263
0.975	0.475	0.66329
1	0.475	0.6608
0.025	0.5	4.01667E-4
0.05	0.5	0.02844
0.075	0.5	0.09952
0.1	0.5	0.16482
0.125	0.5	0.22143
0.15	0.5	0.27571
0.175	0.5	0.31198
0.2	0.5	0.35132
0.225	0.5	0.37487
0.25	0.5	0.40811
0.275	0.5	0.43671
0.3	0.5	0.46114
0.325	0.5	0.4769
0.35	0.5	0.49174
0.375	0.5	0.5028
0.4	0.5	0.52828
0.425	0.5	0.52819
0.45	0.5	0.54589
0.475	0.5	0.55535
0.5	0.5	0.56246
0.525	0.5	0.57279
0.55	0.5	0.58639
0.575	0.5	0.58736
0.6	0.5	0.59611
0.625	0.5	0.59896
0.65	0.5	0.6091
0.675	0.5	0.61398
0.7	0.5	0.62288
0.725	0.5	0.62354
0.75	0.5	0.62089
0.775	0.5	0.62661
0.8	0.5	0.63217
0.825	0.5	0.63819
0.85	0.5	0.64438
0.875	0.5	0.6419
0.9	0.5	0.65455
0.925	0.5	0.65026
0.95	0.5	0.65709
0.975	0.5	0.65578
1	0.5	0.65611
0.025	0.525	2.25E-4
0.05	0.525	0.02613
0.075	0.525	0.09618
0.1	0.525	0.15282
0.125	0.525	0.21355
0.15	0.525	0.26131
0.175	0.525	0.31146
0.2	0.525	0.344
0.225	0.525	0.37173
0.25	0.525	0.39735
0.275	0.525	0.41776
0.3	0.525	0.44867
0.325	0.525	0.46933
0.35	0.525	0.47768
0.375	0.525	0.50078
0.4	0.525	0.50904
0.425	0.525	0.52042
0.45	0.525	0.53615
0.475	0.525	0.54524
0.5	0.525	0.55153
0.525	0.525	0.56471
0.55	0.525	0.57513
0.575	0.525	0.58007
0.6	0.525	0.58667
0.625	0.525	0.59636
0.65	0.525	0.60374
0.675	0.525	0.60945
0.7	0.525	0.61218
0.725	0.525	0.61614
0.75	0.525	0.61796
0.775	0.525	0.629
0.8	0.525	0.62928
0.825	0.525	0.62907
0.85	0.525	0.63711
0.875	0.525	0.63714
0.9	0.525	0.64635
0.925	0.525	0.64557
0.95	0.525	0.65351
0.975	0.525	0.65678
1	0.525	0.65731
0.025	0.55	3.73E-4
0.05	0.55	0.02408
0.075	0.55	0.086
0.1	0.55	0.15229
0.125	0.55	0.20552
0.15	0.55	0.24949
0.175	0.55	0.29372
0.2	0.55	0.32733
0.225	0.55	0.36244
0.25	0.55	0.39041
0.275	0.55	0.41044
0.3	0.55	0.42787
0.325	0.55	0.45468
0.35	0.55	0.47439
0.375	0.55	0.4825
0.4	0.55	0.50851
0.425	0.55	0.52143
0.45	0.55	0.53333
0.475	0.55	0.54184
0.5	0.55	0.5453
0.525	0.55	0.55174
0.55	0.55	0.56419
0.575	0.55	0.57182
0.6	0.55	0.58925
0.625	0.55	0.58995
0.65	0.55	0.59181
0.675	0.55	0.60213
0.7	0.55	0.60624
0.725	0.55	0.60347
0.75	0.55	0.61486
0.775	0.55	0.62137
0.8	0.55	0.61674
0.825	0.55	0.62718
0.85	0.55	0.63234
0.875	0.55	0.63827
0.9	0.55	0.63841
0.925	0.55	0.64059
0.95	0.55	0.64607
0.975	0.55	0.64447
1	0.55	0.64856
0.025	0.575	3.63333E-4
0.05	0.575	0.02022
0.075	0.575	0.08067
0.1	0.575	0.14007
0.125	0.575	0.19229
0.15	0.575	0.24411
0.175	0.575	0.27972
0.2	0.575	0.31916
0.225	0.575	0.34114
0.25	0.575	0.37415
0.275	0.575	0.39419
0.3	0.575	0.41973
0.325	0.575	0.44478
0.35	0.575	0.46218
0.375	0.575	0.47353
0.4	0.575	0.49372
0.425	0.575	0.50428
0.45	0.575	0.51749
0.475	0.575	0.52616
0.5	0.575	0.5386
0.525	0.575	0.54563
0.55	0.575	0.55461
0.575	0.575	0.55567
0.6	0.575	0.56584
0.625	0.575	0.57588
0.65	0.575	0.57758
0.675	0.575	0.5869
0.7	0.575	0.5987
0.725	0.575	0.60299
0.75	0.575	0.59946
0.775	0.575	0.6124
0.8	0.575	0.61602
0.825	0.575	0.61795
0.85	0.575	0.62713
0.875	0.575	0.62715
0.9	0.575	0.62897
0.925	0.575	0.63473
0.95	0.575	0.63671
0.975	0.575	0.63961
1	0.575	0.64354
0.025	0.6	2.48E-4
0.05	0.6	0.01776
0.075	0.6	0.07798
0.1	0.6	0.13177
0.125	0.6	0.18252
0.15	0.6	0.2222
0.175	0.6	0.26952
0.2	0.6	0.31064
0.225	0.6	0.33427
0.25	0.6	0.36439
0.275	0.6	0.378
0.3	0.6	0.41178
0.325	0.6	0.42901
0.35	0.6	0.44688
0.375	0.6	0.46977
0.4	0.6	0.47562
0.425	0.6	0.48592
0.45	0.6	0.50474
0.475	0.6	0.51373
0.5	0.6	0.52678
0.525	0.6	0.53559
0.55	0.6	0.54973
0.575	0.6	0.55013
0.6	0.6	0.55837
0.625	0.6	0.57146
0.65	0.6	0.58157
0.675	0.6	0.57341
0.7	0.6	0.58612
0.725	0.6	0.59072
0.75	0.6	0.59848
0.775	0.6	0.60131
0.8	0.6	0.60535
0.825	0.6	0.61411
0.85	0.6	0.61918
0.875	0.6	0.62739
0.9	0.6	0.62495
0.925	0.6	0.62979
0.95	0.6	0.63081
0.975	0.6	0.63225
1	0.6	0.64113
0.025	0.625	1.29667E-4
0.05	0.625	0.01445
0.075	0.625	0.07157
0.1	0.625	0.1247
0.125	0.625	0.17032
0.15	0.625	0.2201
0.175	0.625	0.25786
0.2	0.625	0.29038
0.225	0.625	0.31999
0.25	0.625	0.35215
0.275	0.625	0.37621
0.3	0.625	0.40266
0.325	0.625	0.42055
0.35	0.625	0.42934
0.375	0.625	0.44724
0.4	0.625	0.4665
0.425	0.625	0.48493
0.45	0.625	0.48511
0.475	0.625	0.51119
0.5	0.625	0.51144
0.525	0.625	0.52761
0.55	0.625	0.52951
0.575	0.625	0.54639
0.6	0.625	0.54462
0.625	0.625	0.55877
0.65	0.625	0.56001
0.675	0.625	0.5705
0.7	0.625	0.56995
0.725	0.625	0.5813
0.75	0.625	0.58696
0.775	0.625	0.59943
0.8	0.625	0.60235
0.825	0.625	0.60572
0.85	0.625	0.60741
0.875	0.625	0.6133
0.9	0.625	0.60739
0.925	0.625	0.62262
0.95	0.625	0.62387
0.975	0.625	0.62952
1	0.625	0.63159
0.025	0.65	2.09667E-4
0.05	0.65	0.01348
0.075	0.65	0.0601
0.1	0.65	0.11391
0.125	0.65	0.16395
0.15	0.65	0.20813
0.175	0.65	0.24021
0.2	0.65	0.27674
0.225	0.65	0.3049
0.25	0.65	0.33384
0.275	0.65	0.35365
0.3	0.65	0.37774
0.325	0.65	0.402
0.35	0.65	0.42436
0.375	0.65	0.43928
0.4	0.65	0.44498
0.425	0.65	0.47162
0.45	0.65	0.46848
0.475	0.65	0.48808
0.5	0.65	0.50523
0.525	0.65	0.50822
0.55	0.65	0.51945
0.575	0.65	0.53045
0.6	0.65	0.53762
0.625	0.65	0.54582
0.65	0.65	0.55266
0.675	0.65	0.5568
0.7	0.65	0.5639
0.725	0.65	0.57181
0.75	0.65	0.58314
0.775	0.65	0.57858
0.8	0.65	0.58736
0.825	0.65	0.58953
0.85	0.65	0.59673
0.875	0.65	0.59834
0.9	0.65	0.60167
0.925	0.65	0.615
0.95	0.65	0.61622
0.975	0.65	0.61847
1	0.65	0.623
0.025	0.675	9.66667E-5
0.05	0.675	0.01144
0.075	0.675	0.05526
0.1	0.675	0.10891
0.125	0.675	0.15435
0.15	0.675	0.19073
0.175	0.675	0.2308
0.2	0.675	0.26388
0.225	0.675	0.29849
0.25	0.675	0.31969
0.275	0.675	0.34201
0.3	0.675	0.36963
0.325	0.675	0.38505
0.35	0.675	0.40579
0.375	0.675	0.42318
0.4	0.675	0.43681
0.425	0.675	0.45283
0.45	0.675	0.46266
0.475	0.675	0.47808
0.5	0.675	0.48765
0.525	0.675	0.5001
0.55	0.675	0.50954
0.575	0.675	0.51661
0.6	0.675	0.52687
0.625	0.675	0.53667
0.65	0.675	0.54092
0.675	0.675	0.5423
0.7	0.675	0.56111
0.725	0.675	0.56166
0.75	0.675	0.56566
0.775	0.675	0.56479
0.8	0.675	0.57373
0.825	0.675	0.58271
0.85	0.675	0.58613
0.875	0.675	0.59564
0.9	0.675	0.59272
0.925	0.675	0.60485
0.95	0.675	0.60027
0.975	0.675	0.61327
1	0.675	0.61143
0.025	0.7	6.16667E-5
0.05	0.7	0.00871
0.075	0.7	0.05144
0.1	0.7	0.10567
0.125	0.7	0.14393
0.15	0.7	0.17813
0.175	0.7	0.21229
0.2	0.7	0.25489
0.225	0.7	0.27871
0.25	0.7	0.29764
0.275	0.7	0.32912
0.3	0.7	0.3502
0.325	0.7	0.37587
0.35	0.7	0.38953
0.375	0.7	0.40665
0.4	0.7	0.4174
0.425	0.7	0.43379
0.45	0.7	0.44422
0.475	0.7	0.4554
0.5	0.7	0.46198
0.525	0.7	0.4823
0.55	0.7	0.49116
0.575	0.7	0.50663
0.6	0.7	0.50941
0.625	0.7	0.5198
0.65	0.7	0.52569
0.675	0.7	0.53683
0.7	0.7	0.54349
0.725	0.7	0.54963
0.75	0.7	0.56085
0.775	0.7	0.55671
0.8	0.7	0.56274
0.825	0.7	0.56664
0.85	0.7	0.57277
0.875	0.7	0.57904
0.9	0.7	0.58328
0.925	0.7	0.59086
0.95	0.7	0.59001
0.975	0.7	0.60363
1	0.7	0.5999
0.025	0.725	9.43333E-5
0.05	0.725	0.00872
0.075	0.725	0.04663
0.1	0.725	0.08933
0.125	0.725	0.13408
0.15	0.725	0.1676
0.175	0.725	0.19602
0.2	0.725	0.23078
0.225	0.725	0.26375
0.25	0.725	0.28899
0.275	0.725	0.3087
0.3	0.725	0.32985
0.325	0.725	0.35332
0.35	0.725	0.36688
0.375	0.725	0.38592
0.4	0.725	0.40483
0.425	0.725	0.42242
0.45	0.725	0.42989
0.475	0.725	0.43838
0.5	0.725	0.45396
0.525	0.725	0.4619
0.55	0.725	0.47425
0.575	0.725	0.48119
0.6	0.725	0.49277
0.625	0.725	0.49845
0.65	0.725	0.51612
0.675	0.725	0.51425
0.7	0.725	0.526
0.725	0.725	0.52728
0.75	0.725	0.53433
0.775	0.725	0.54096
0.8	0.725	0.54399
0.825	0.725	0.56045
0.85	0.725	0.56098
0.875	0.725	0.56841
0.9	0.725	0.57265
0.925	0.725	0.57733
0.95	0.725	0.57483
0.975	0.725	0.58429
1	0.725	0.58942
0.025	0.75	0
0.05	0.75	0.00586
0.075	0.75	0.04002
0.1	0.75	0.08129
0.125	0.75	0.12258
0.15	0.75	0.15314
0.175	0.75	0.18866
0.2	0.75	0.22153
0.225	0.75	0.24143
0.25	0.75	0.27029
0.275	0.75	0.29209
0.3	0.75	0.30646
0.325	0.75	0.32834
0.35	0.75	0.3525
0.375	0.75	0.37357
0.4	0.75	0.38683
0.425	0.75	0.39495
0.45	0.75	0.40377
0.475	0.75	0.42947
0.5	0.75	0.4251
0.525	0.75	0.44519
0.55	0.75	0.45058
0.575	0.75	0.46371
0.6	0.75	0.46583
0.625	0.75	0.4867
0.65	0.75	0.49848
0.675	0.75	0.5009
0.7	0.75	0.5054
0.725	0.75	0.52062
0.75	0.75	0.52305
0.775	0.75	0.52875
0.8	0.75	0.54016
0.825	0.75	0.53653
0.85	0.75	0.54662
0.875	0.75	0.55452
0.9	0.75	0.54857
0.925	0.75	0.55572
0.95	0.75	0.56607
0.975	0.75	0.57021
1	0.75	0.57833
0.025	0.775	5.23333E-5
0.05	0.775	0.0063
0.075	0.775	0.03394
0.1	0.775	0.07325
0.125	0.775	0.10996
0.15	0.775	0.14344
0.175	0.775	0.17528
0.2	0.775	0.20286
0.225	0.775	0.22851
0.25	0.775	0.25103
0.275	0.775	0.27983
0.3	0.775	0.29222
0.325	0.775	0.31196
0.35	0.775	0.32762
0.375	0.775	0.34942
0.4	0.775	0.3598
0.425	0.775	0.3808
0.45	0.775	0.39026
0.475	0.775	0.40056
0.5	0.775	0.41295
0.525	0.775	0.4235
0.55	0.775	0.44095
0.575	0.775	0.45109
0.6	0.775	0.45398
0.625	0.775	0.4618
0.65	0.775	0.47241
0.675	0.775	0.48154
0.7	0.775	0.49237
0.725	0.775	0.49879
0.75	0.775	0.50454
0.775	0.775	0.50779
0.8	0.775	0.51166
0.825	0.775	0.5262
0.85	0.775	0.52334
0.875	0.775	0.53448
0.9	0.775	0.54114
0.925	0.775	0.54335
0.95	0.775	0.54575
0.975	0.775	0.54765
1	0.775	0.55084
0.025	0.8	3.46667E-5
0.05	0.8	0.00414
0.075	0.8	0.02966
0.1	0.8	0.06624
0.125	0.8	0.10511
0.15	0.8	0.13164
0.175	0.8	0.16017
0.2	0.8	0.18997
0.225	0.8	0.20843
0.25	0.8	0.22798
0.275	0.8	0.25292
0.3	0.8	0.27034
0.325	0.8	0.28853
0.35	0.8	0.30365
0.375	0.8	0.32208
0.4	0.8	0.34051
0.425	0.8	0.35728
0.45	0.8	0.36805
0.475	0.8	0.37773
0.5	0.8	0.38731
0.525	0.8	0.40224
0.55	0.8	0.40863
0.575	0.8	0.41922
0.6	0.8	0.43238
0.625	0.8	0.43787
0.65	0.8	0.45758
0.675	0.8	0.45498
0.7	0.8	0.46296
0.725	0.8	0.47822
0.75	0.8	0.48146
0.775	0.8	0.48252
0.8	0.8	0.49361
0.825	0.8	0.50206
0.85	0.8	0.49969
0.875	0.8	0.50857
0.9	0.8	0.51668
0.925	0.8	0.51831
0.95	0.8	0.529
0.975	0.8	0.53609
1	0.8	0.54306
0.025	0.825	0
0.05	0.825	0.00379
0.075	0.825	0.02404
0.1	0.825	0.05715
0.125	0.825	0.08903
0.15	0.825	0.11559
0.175	0.825	0.14488
0.2	0.825	0.16586
0.225	0.825	0.18715
0.25	0.825	0.20523
0.275	0.825	0.23685
0.3	0.825	0.24785
0.325	0.825	0.26438
0.35	0.825	0.27629
0.375	0.825	0.29709
0.4	0.825	0.31627
0.425	0.825	0.32446
0.45	0.825	0.33951
0.475	0.825	0.35261
0.5	0.825	0.36187
0.525	0.825	0.37245
0.55	0.825	0.38414
0.575	0.825	0.38927
0.6	0.825	0.40181
0.625	0.825	0.41757
0.65	0.825	0.42761
0.675	0.825	0.43186
0.7	0.825	0.43465
0.725	0.825	0.44925
0.75	0.825	0.44611
0.775	0.825	0.45825
0.8	0.825	0.47014
0.825	0.825	0.47776
0.85	0.825	0.47595
0.875	0.825	0.48965
0.9	0.825	0.49765
0.925	0.825	0.49483
0.95	0.825	0.50106
0.975	0.825	0.50668
1	0.825	0.5153
0.025	0.85	3.33333E-5
0.05	0.85	0.00273
0.075	0.85	0.01826
0.1	0.85	0.05155
0.125	0.85	0.08017
0.15	0.85	0.10548
0.175	0.85	0.13057
0.2	0.85	0.15117
0.225	0.85	0.17175
0.25	0.85	0.18982
0.275	0.85	0.21034
0.3	0.85	0.22224
0.325	0.85	0.24665
0.35	0.85	0.2656
0.375	0.85	0.26931
0.4	0.85	0.28162
0.425	0.85	0.29151
0.45	0.85	0.31602
0.475	0.85	0.32029
0.5	0.85	0.33246
0.525	0.85	0.3428
0.55	0.85	0.3505
0.575	0.85	0.36556
0.6	0.85	0.37759
0.625	0.85	0.37905
0.65	0.85	0.39642
0.675	0.85	0.39916
0.7	0.85	0.39456
0.725	0.85	0.41915
0.75	0.85	0.42753
0.775	0.85	0.43268
0.8	0.85	0.43638
0.825	0.85	0.44808
0.85	0.85	0.44688
0.875	0.85	0.45488
0.9	0.85	0.45946
0.925	0.85	0.4683
0.95	0.85	0.47378
0.975	0.85	0.47514
1	0.85	0.48646
0.025	0.875	2E-5
0.05	0.875	0.00138
0.075	0.875	0.01823
0.1	0.875	0.04204
0.125	0.875	0.06953
0.15	0.875	0.09286
0.175	0.875	0.11552
0.2	0.875	0.13906
0.225	0.875	0.15129
0.25	0.875	0.1678
0.275	0.875	0.1825
0.3	0.875	0.20507
0.325	0.875	0.21786
0.35	0.875	0.22765
0.375	0.875	0.24367
0.4	0.875	0.25426
0.425	0.875	0.26593
0.45	0.875	0.2785
0.475	0.875	0.29244
0.5	0.875	0.3003
0.525	0.875	0.30577
0.55	0.875	0.31289
0.575	0.875	0.3261
0.6	0.875	0.33988
0.625	0.875	0.34816
0.65	0.875	0.35459
0.675	0.875	0.36071
0.7	0.875	0.36939
0.725	0.875	0.38177
0.75	0.875	0.39434
0.775	0.875	0.39529
0.8	0.875	0.40199
0.825	0.875	0.41136
0.85	0.875	0.40732
0.875	0.875	0.41592
0.9	0.875	0.41735
0.925	0.875	0.42673
0.95	0.875	0.4368
0.975	0.875	0.45307
1	0.875	0.45168
0.025	0.9	0
0.05	0.9	0.00151
0.075	0.9	0.01298
0.1	0.9	0.03739
0.125	0.9	0.05847
0.15	0.9	0.08024
0.175	0.9	0.10095
0.2	0.9	0.11778
0.225	0.9	0.13312
0.25	0.9	0.146
0.275	0.9	0.16351
0.3	0.9	0.17358
0.325	0.9	0.19054
0.35	0.9	0.19936
0.375	0.9	0.21056
0.4	0.9	0.22447
0.425	0.9	0.23677
0.45	0.9	0.24962
0.475	0.9	0.25267
0.5	0.9	0.26377
0.525	0.9	0.2703
0.55	0.9	0.27903
0.575	0.9	0.29157
0.6	0.9	0.29202
0.625	0.9	0.31069
0.65	0.9	0.32071
0.675	0.9	0.32109
0.7	0.9	0.33245
0.725	0.9	0.33832
0.75	0.9	0.34323
0.775	0.9	0.35417
0.8	0.9	0.35924
0.825	0.9	0.3671
0.85	0.9	0.37132
0.875	0.9	0.37834
0.9	0.9	0.38045
0.925	0.9	0.39304
0.95	0.9	0.39322
0.975	0.9	0.39877
1	0.9	0.40517
0.025	0.925	0
0.05	0.925	6.09667E-4
0.075	0.925	0.01116
0.1	0.925	0.02981
0.125	0.925	0.0507
0.15	0.925	0.07019
0.175	0.925	0.08734
0.2	0.925	0.10177
0.225	0.925	0.1161
0.25	0.925	0.13068
0.275	0.925	0.13948
0.3	0.925	0.14838
0.325	0.925	0.16587
0.35	0.925	0.17671
0.375	0.925	0.18459
0.4	0.925	0.19078
0.425	0.925	0.20103
0.45	0.925	0.21065
0.475	0.925	0.21623
0.5	0.925	0.22519
0.525	0.925	0.23197
0.55	0.925	0.23709
0.575	0.925	0.24395
0.6	0.925	0.25019
0.625	0.925	0.25673
0.65	0.925	0.26965
0.675	0.925	0.27419
0.7	0.925	0.28159
0.725	0.925	0.28878
0.75	0.925	0.29466
0.775	0.925	0.30344
0.8	0.925	0.30379
0.825	0.925	0.31232
0.85	0.925	0.32298
0.875	0.925	0.32903
0.9	0.925	0.33188
0.925	0.925	0.33052
0.95	0.925	0.3445
0.975	0.925	0.34327
1	0.925	0.35558
0.025	0.95	0
0.05	0.95	6.11667E-4
0.075	0.95	0.00639
0.1	0.95	0.01998
0.125	0.95	0.04059
0.15	0.95	0.06027
0.175	0.95	0.07385
0.2	0.95	0.08419
0.225	0.95	0.09814
0.25	0.95	0.11026
0.275	0.95	0.11663
0.3	0.95	0.12821
0.325	0.95	0.13643
0.35	0.95	0.14179
0.375	0.95	0.15405
0.4	0.95	0.15762
0.425	0.95	0.16406
0.45	0.95	0.1701
0.475	0.95	0.17951
0.5	0.95	0.18703
0.525	0.95	0.18935
0.55	0.95	0.19909
0.575	0.95	0.20016
0.6	0.95	0.20971
0.625	0.95	0.21594
0.65	0.95	0.21792
0.675	0.95	0.22652
0.7	0.95	0.22823
0.725	0.95	0.23292
0.75	0.95	0.23896
0.775	0.95	0.24355
0.8	0.95	0.2495
0.825	0.95	0.25267
0.85	0.95	0.25838
0.875	0.95	0.26048
0.9	0.95	0.2716
0.925	0.95	0.26984
0.95	0.95	0.2784
0.975	0.95	0.282
1	0.95	0.28149
0.025	0.975	0
0.05	0.975	6.06333E-4
0.075	0.975	0.00375
0.1	0.975	0.01736
0.125	0.975	0.03326
0.15	0.975	0.04636
0.175	0.975	0.06267
0.2	0.975	0.07249
0.225	0.975	0.08163
0.25	0.975	0.08919
0.275	0.975	0.09747
0.3	0.975	0.10732
0.325	0.975	0.10948
0.35	0.975	0.11575
0.375	0.975	0.12205
0.4	0.975	0.12456
0.425	0.975	0.13048
0.45	0.975	0.13507
0.475	0.975	0.13952
0.5	0.975	0.14547
0.525	0.975	0.1494
0.55	0.975	0.15452
0.575	0.975	0.15821
0.6	0.975	0.15947
0.625	0.975	0.16324
0.65	0.975	0.16705
0.675	0.975	0.17288
0.7	0.975	0.17364
0.725	0.975	0.17506
0.75	0.975	0.17887
0.775	0.975	0.18232
0.8	0.975	0.18494
0.825	0.975	0.18824
0.85	0.975	0.19275
0.875	0.975	0.19502
0.9	0.975	0.19859
0.925	0.975	0.20294
0.95	0.975	0.20176
0.975	0.975	0.20494
1	0.975	0.21042
0.025	1	1.6E-5
0.05	1	5.6E-5
0.075	1	0.00416
0.1	1	0.01292
0.125	1	0.02777
0.15	1	0.0409
0.175	1	0.05012
0.2	1	0.05963
0.225	1	0.0647
0.25	1	0.07151
0.275	1	0.07524
0.3	1	0.08368
0.325	1	0.08761
0.35	1	0.08992
0.375	1	0.09468
0.4	1	0.09713
0.425	1	0.09938
0.45	1	0.10314
0.475	1	0.10476
0.5	1	0.10758
0.525	1	0.10862
0.55	1	0.11224
0.575	1	0.11311
0.6	1	0.1144
0.625	1	0.11549
0.65	1	0.11853
0.675	1	0.11982
0.7	1	0.12143
0.725	1	0.12271
0.75	1	0.1245
0.775	1	0.12487
0.8	1	0.12622
0.825	1	0.1267
0.85	1	0.12847
0.875	1	0.12926
0.9	1	0.13103
0.925	1	0.13014
0.95	1	0.13228
0.975	1	0.13371
1	1	0.13273
		
		